-0.223066
-0.219649
-0.216318
-0.213069
-0.2099
-0.206808
-0.203793
-0.200851
-0.19798
-0.195178
-0.192444
-0.189775
-0.18717
-0.184627
-0.182144
-0.179719
-0.177351
-0.175038
-0.172778
-0.170571
-0.168414
-0.166306
-0.164247
-0.162233
-0.160265
-0.158341
-0.156459
-0.154619
-0.152819
-0.151059
-0.149337
-0.147651
-0.146002
-0.144388
-0.142808
-0.141261
-0.139747
-0.138263
-0.136811
-0.135388
-0.133994
-0.132628
-0.131289
-0.129977
-0.12869
-0.127429
-0.126193
-0.12498
-0.12379
-0.122623
-0.121478
-0.120355
-0.119252
-0.118169
-0.117107
-0.116063
-0.115038
-0.114032
-0.113043
-0.112071
-0.111116
-0.110178
-0.109255
-0.108348
-0.107456
-0.106579
-0.105717
-0.104868
-0.104033
-0.103212
-0.102403
-0.101607
-0.100824
-0.100052
-0.0992921
-0.0985436
-0.0978064
-0.09708
-0.0963643
-0.0956589
-0.0949636
-0.0942782
-0.0936024
-0.092936
-0.0922788
-0.0916305
-0.090991
-0.09036
-0.0897374
-0.0891229
-0.0885163
-0.0879175
-0.0873264
-0.0867426
-0.0861661
-0.0855967
-0.0850342
-0.0844784
-0.0839293
-0.0833867
-0.0828504
-0.0823203
-0.0817963
-0.0812782
-0.0807659
-0.0802592
-0.0797582
-0.0792625
-0.0787722
-0.0782872
-0.0778072
-0.0773322
-0.0768622
-0.0763969
-0.0759364
-0.0754805
-0.0750291
-0.0745821
-0.0741395
-0.0737011
-0.073267
-0.0728369
-0.0724109
-0.0719888
-0.0715706
-0.0711562
-0.0707455
-0.0703385
-0.0699351
-0.0695352
-0.0691389
-0.0687459
-0.0683563
-0.06797
-0.0675869
-0.067207
-0.0668303
-0.0664566
-0.066086
-0.0657183
-0.0653536
-0.0649918
-0.0646328
-0.0642766
-0.0639232
-0.0635724
-0.0632244
-0.0628789
-0.0625361
-0.0621958
-0.061858
-0.0615227
-0.0611899
-0.0608594
-0.0605313
-0.0602056
-0.0598822
-0.059561
-0.0592421
-0.0589254
-0.0586109
-0.0582986
-0.0579884
-0.0576802
-0.0573742
-0.0570702
-0.0567682
-0.0564683
-0.0561703
-0.0558742
-0.0555801
-0.0552879
-0.0549976
-0.0547091
-0.0544225
-0.0541377
-0.0538547
-0.0535734
-0.0532939
-0.0530162
-0.0527402
-0.0524659
-0.0521932
-0.0519223
-0.0516529
-0.0513853
-0.0511192
-0.0508547
-0.0505918
-0.0503305
-0.0500707
-0.0498125
-0.0495558
-0.0493006
-0.0490469
-0.0487947
-0.0485439
-0.0482946
-0.0480468
-0.0478003
-0.0475553
-0.0473117
-0.0470694
-0.0468286
-0.0465891
-0.046351
-0.0461142
-0.0458787
-0.0456446
-0.0454118
-0.0451802
-0.04495
-0.0447211
-0.0444934
-0.0442669
-0.0440418
-0.0438178
-0.0435951
-0.0433736
-0.0431533
-0.0429342
-0.0427164
-0.0424996
-0.0422841
-0.0420698
-0.0418566
-0.0416445
-0.0414336
-0.0412238
-0.0410152
-0.0408076
-0.0406012
-0.0403959
-0.0401916
-0.0399885
-0.0397864
-0.0395855
-0.0393855
-0.0391867
-0.0389889
-0.0387921
-0.0385964
-0.0384017
-0.038208
-0.0380153
-0.0378237
-0.037633
-0.0374434
-0.0372547
-0.0370671
-0.0368804
-0.0366947
-0.0365099
-0.0363261
-0.0361433
-0.0359614
-0.0357805
-0.0356005
-0.0354214
-0.0352433
-0.035066
-0.0348897
-0.0347143
-0.0345398
-0.0343662
-0.0341936
-0.0340217
-0.0338508
-0.0336808
-0.0335116
-0.0333433
-0.0331759
-0.0330093
-0.0328435
-0.0326787
-0.0325146
-0.0323514
-0.0321891
-0.0320275
-0.0318668
-0.0317069
-0.0315479
-0.0313896
-0.0312322
-0.0310755
-0.0309197
-0.0307646
-0.0306103
-0.0304568
-0.0303041
-0.0301522
-0.030001
-0.0298506
-0.029701
-0.0295521
-0.029404
-0.0292567
-0.02911
-0.0289642
-0.028819
-0.0286746
-0.028531
-0.028388
-0.0282458
-0.0281043
-0.0279635
-0.0278234
-0.0276841
-0.0275454
-0.0274075
-0.0272702
-0.0271336
-0.0269977
-0.0268625
-0.026728
-0.0265942
-0.026461
-0.0263286
-0.0261967
-0.0260656
-0.0259351
-0.0258052
-0.0256761
-0.0255475
-0.0254196
-0.0252924
-0.0251658
-0.0250398
-0.0249145
-0.0247898
-0.0246657
-0.0245423
-0.0244194
-0.0242972
-0.0241756
-0.0240546
-0.0239343
-0.0238145
-0.0236953
-0.0235767
-0.0234588
-0.0233414
-0.0232246
-0.0231084
-0.0229928
-0.0228777
-0.0227633
-0.0226494
-0.022536
-0.0224233
-0.0223111
-0.0221995
-0.0220884
-0.0219779
-0.021868
-0.0217586
-0.0216497
-0.0215414
-0.0214336
-0.0213264
-0.0212197
-0.0211136
-0.021008
-0.0209029
-0.0207983
-0.0206943
-0.0205908
-0.0204878
-0.0203853
-0.0202833
-0.0201819
-0.0200809
-0.0199805
-0.0198806
-0.0197811
-0.0196822
-0.0195837
-0.0194858
-0.0193883
-0.0192914
-0.0191949
-0.0190989
-0.0190034
-0.0189083
-0.0188137
-0.0187197
-0.018626
-0.0185329
-0.0184402
-0.018348
-0.0182562
-0.0181649
-0.0180741
-0.0179837
-0.0178937
-0.0178042
-0.0177152
-0.0176266
-0.0175385
-0.0174508
-0.0173635
-0.0172767
-0.0171903
-0.0171043
-0.0170188
-0.0169337
-0.016849
-0.0167647
-0.0166809
-0.0165975
-0.0165145
-0.0164319
-0.0163497
-0.0162679
-0.0161866
-0.0161057
-0.0160251
-0.015945
-0.0158652
-0.0157859
-0.015707
-0.0156284
-0.0155503
-0.0154725
-0.0153952
-0.0153182
-0.0152416
-0.0151654
-0.0150895
-0.0150141
-0.014939
-0.0148643
-0.01479
-0.014716
-0.0146424
-0.0145692
-0.0144964
-0.0144239
-0.0143517
-0.01428
-0.0142086
-0.0141375
-0.0140668
-0.0139965
-0.0139265
-0.0138569
-0.0137876
-0.0137186
-0.01365
-0.0135818
-0.0135139
-0.0134463
-0.0133791
-0.0133122
-0.0132456
-0.0131794
-0.0131135
-0.0130479
-0.0129827
-0.0129177
-0.0128532
-0.0127889
-0.0127249
-0.0126613
-0.012598
-0.012535
-0.0124723
-0.01241
-0.0123479
-0.0122862
-0.0122247
-0.0121636
-0.0121028
-0.0120423
-0.0119821
-0.0119222
-0.0118625
-0.0118032
-0.0117442
-0.0116855
-0.0116271
-0.0115689
-0.0115111
-0.0114535
-0.0113963
-0.0113393
-0.0112826
-0.0112262
-0.01117
-0.0111142
-0.0110586
-0.0110033
-0.0109483
-0.0108935
-0.0108391
-0.0107849
-0.010731
-0.0106773
-0.0106239
-0.0105708
-0.0105179
-0.0104653
-0.010413
-0.010361
-0.0103092
-0.0102576
-0.0102063
-0.0101553
-0.0101045
-0.010054
-0.0100037
-0.00995369
-0.00990392
-0.0098544
-0.00980513
-0.00975611
-0.00970732
-0.00965879
-0.00961049
-0.00956244
-0.00951463
-0.00946705
-0.00941972
-0.00937262
-0.00932576
-0.00927913
-0.00923273
-0.00918657
-0.00914063
-0.00909493
-0.00904945
-0.00900421
-0.00895919
-0.00891439
-0.00886982
-0.00882547
-0.00878134
-0.00873743
-0.00869375
-0.00865028
-0.00860702
-0.00856399
-0.00852117
-0.00847856
-0.00843617
-0.00839399
-0.00835202
-0.00831026
-0.00826871
-0.00822736
-0.00818623
-0.00814529
-0.00810457
-0.00806405
-0.00802372
-0.00798361
-0.00794369
-0.00790397
-0.00786445
-0.00782513
-0.007786
-0.00774707
-0.00770834
-0.00766979
-0.00763144
-0.00759329
-0.00755532
-0.00751754
-0.00747996
-0.00744256
-0.00740534
-0.00736832
-0.00733147
-0.00729482
-0.00725834
-0.00722205
-0.00718594
-0.00715001
-0.00711426
-0.00707869
-0.0070433
-0.00700808
-0.00697304
-0.00693817
-0.00690348
-0.00686897
-0.00683462
-0.00680045
-0.00676644
-0.00673261
-0.00669895
-0.00666545
-0.00663213
-0.00659897
-0.00656597
-0.00653314
-0.00650048
-0.00646797
-0.00643563
-0.00640346
-0.00637144
-0.00633958
-0.00630788
-0.00627634
-0.00624496
-0.00621374
-0.00618267
-0.00615175
-0.006121
-0.00609039
-0.00605994
-0.00602964
-0.00599949
-0.00596949
-0.00593965
-0.00590995
-0.0058804
-0.005851
-0.00582174
-0.00579263
-0.00576367
-0.00573485
-0.00570618
-0.00567765
-0.00564926
-0.00562101
-0.00559291
-0.00556494
-0.00553712
-0.00550943
-0.00548188
-0.00545447
-0.0054272
-0.00540007
-0.00537307
-0.0053462
-0.00531947
-0.00529287
-0.00526641
-0.00524008
-0.00521388
-0.00518781
-0.00516187
-0.00513606
-0.00511038
-0.00508483
-0.0050594
-0.0050341
-0.00500893
-0.00498389
-0.00495897
-0.00493417
-0.0049095
-0.00488496
-0.00486053
-0.00483623
-0.00481205
-0.00478799
-0.00476405
-0.00474023
-0.00471653
-0.00469294
-0.00466948
-0.00464613
-0.0046229
-0.00459979
-0.00457679
-0.0045539
-0.00453113
-0.00450848
-0.00448594
-0.00446351
-0.00444119
-0.00441898
-0.00439689
-0.0043749
-0.00435303
-0.00433126
-0.00430961
-0.00428806
-0.00426662
-0.00424529
-0.00422406
-0.00420294
-0.00418192
-0.00416101
-0.00414021
-0.00411951
-0.00409891
-0.00407842
-0.00405802
-0.00403773
-0.00401755
-0.00399746
-0.00397747
-0.00395758
-0.00393779
-0.00391811
-0.00389852
-0.00387902
-0.00385963
-0.00384033
-0.00382113
-0.00380202
-0.00378301
-0.0037641
-0.00374528
-0.00372655
-0.00370792
-0.00368938
-0.00367093
-0.00365258
-0.00363431
-0.00361614
-0.00359806
-0.00358007
-0.00356217
-0.00354436
-0.00352664
-0.003509
-0.00349146
-0.003474
-0.00345663
-0.00343935
-0.00342215
-0.00340504
-0.00338802
-0.00337108
-0.00335422
-0.00333745
-0.00332076
-0.00330416
-0.00328764
-0.0032712
-0.00325484
-0.00323857
-0.00322238
-0.00320626
-0.00319023
-0.00317428
-0.00315841
-0.00314262
-0.00312691
-0.00311127
-0.00309571
-0.00308024
-0.00306483
-0.00304951
-0.00303426
-0.00301909
-0.003004
-0.00298898
-0.00297403
-0.00295916
-0.00294437
-0.00292964
-0.002915
-0.00290042
-0.00288592
-0.00287149
-0.00285713
-0.00284285
-0.00282863
-0.00281449
-0.00280042
-0.00278641
-0.00277248
-0.00275862
-0.00274483
-0.0027311
-0.00271745
-0.00270386
-0.00269034
-0.00267689
-0.0026635
-0.00265019
-0.00263693
-0.00262375
-0.00261063
-0.00259758
-0.00258459
-0.00257167
-0.00255881
-0.00254601
-0.00253328
-0.00252062
-0.00250801
-0.00249547
-0.002483
-0.00247058
-0.00245823
-0.00244594
-0.00243371
-0.00242154
-0.00240943
-0.00239738
-0.0023854
-0.00237347
-0.0023616
-0.0023498
-0.00233805
-0.00232636
-0.00231472
-0.00230315
-0.00229163
-0.00228018
-0.00226878
-0.00225743
-0.00224614
-0.00223491
-0.00222374
-0.00221262
-0.00220156
-0.00219055
-0.0021796
-0.0021687
-0.00215786
-0.00214707
-0.00213633
-0.00212565
-0.00211502
-0.00210445
-0.00209392
-0.00208345
-0.00207304
-0.00206267
-0.00205236
-0.0020421
-0.00203188
-0.00202173
-0.00201162
-0.00200156
-0.00199155
-0.00198159
-0.00197168
-0.00196183
-0.00195202
-0.00194226
-0.00193255
-0.00192288
-0.00191327
-0.0019037
-0.00189418
-0.00188471
-0.00187529
-0.00186591
-0.00185658
-0.0018473
-0.00183806
-0.00182887
-0.00181973
-0.00181063
-0.00180158
-0.00179257
-0.00178361
-0.00177469
-0.00176581
-0.00175698
-0.0017482
-0.00173946
-0.00173076
-0.00172211
-0.0017135
-0.00170493
-0.0016964
-0.00168792
-0.00167948
-0.00167108
-0.00166273
-0.00165442
-0.00164614
-0.00163791
-0.00162972
-0.00162157
-0.00161347
-0.0016054
-0.00159737
-0.00158938
-0.00158144
-0.00157353
-0.00156566
-0.00155783
-0.00155004
-0.00154229
-0.00153458
-0.00152691
-0.00151927
-0.00151168
-0.00150412
-0.0014966
-0.00148912
-0.00148167
-0.00147426
-0.00146689
-0.00145956
-0.00145226
-0.001445
-0.00143777
-0.00143058
-0.00142343
-0.00141631
-0.00140923
-0.00140218
-0.00139517
-0.0013882
-0.00138126
-0.00137435
-0.00136748
-0.00136064
-0.00135384
-0.00134707
-0.00134033
-0.00133363
-0.00132696
-0.00132033
-0.00131372
-0.00130716
-0.00130062
-0.00129412
-0.00128765
-0.00128121
-0.0012748
-0.00126843
-0.00126208
-0.00125577
-0.0012495
-0.00124325
-0.00123703
-0.00123085
-0.00122469
-0.00121857
-0.00121247
-0.00120641
-0.00120038
-0.00119438
-0.00118841
-0.00118246
-0.00117655
-0.00117067
-0.00116481
-0.00115899
-0.0011532
-0.00114743
-0.00114169
-0.00113598
-0.0011303
-0.00112465
-0.00111903
-0.00111343
-0.00110787
-0.00110233
-0.00109681
-0.00109133
-0.00108587
-0.00108044
-0.00107504
-0.00106967
-0.00106432
-0.00105899
-0.0010537
-0.00104843
-0.00104319
-0.00103797
-0.00103278
-0.00102762
-0.00102248
-0.00101737
-0.00101228
-0.00100722
-0.00100218
-0.000997171
-0.000992185
-0.000987224
-0.000982288
-0.000977376
-0.000972489
-0.000967626
-0.000962788
-0.000957974
-0.000953183
-0.000948417
-0.000943675
-0.000938956
-0.000934261
-0.00092959
-0.000924942
-0.000920317
-0.000915715
-0.000911136
-0.00090658
-0.000902047
-0.000897537
-0.000893049
-0.000888583
-0.00088414
-0.000879719
-0.00087532
-0.000870943
-0.000866588
-0.000862255
-0.000857944
-0.000853654
-0.000849385
-0.000845138
-0.000840912
-0.000836707
-0.000832523
-0.000828361
-0.000824219
-0.000820097
-0.000815996
-0.000811916
-0.000807856
-0.000803817
-0.000799798
-0.000795798
-0.000791819
-0.00078786
-0.00078392
-0.00078
-0.0007761
-0.000772219
-0.000768358
-0.000764516
-0.000760693
-0.000756889
-0.000753105
-0.000749339
-0.000745592
-0.000741864
-0.000738154
-0.000734463
-0.00073079
-0.000727136
-0.0007235
-0.000719882
-0.000716283
-0.000712701
-0.000709137
-0.000705591
-0.000702063
-0.000698553
-0.00069506
-0.000691584
-0.000688126
-0.000684695
-0.000681268
-0.000677859
-0.000674469
-0.000671095
-0.000667739
-0.0006644
-0.000661077
-0.000657771
-0.000654482
-0.000651209
-0.000647953
-0.000644713
-0.000641489
-0.000638281
-0.000635089
-0.000631913
-0.000628754
-0.00062561
-0.000622481
-0.000619369
-0.000616272
-0.00061319
-0.000610124
-0.000607073
-0.000604037
-0.000601017
-0.000598012
-0.000595021
-0.000592046
-0.000589085
-0.00058614
-0.000583209
-0.000580292
-0.000577391
-0.000574503
-0.000571631
-0.000568772
-0.000565928
-0.000563098
-0.000560282
-0.000557481
-0.000554693
-0.000551919
-0.000549159
-0.000546413
-0.000543681
-0.000540962
-0.000538257
-0.000535566
-0.000532887
-0.000530223
-0.000527571
-0.000524933
-0.000522308
-0.000519696
-0.000517098
-0.000514512
-0.000511939
-0.000509379
-0.000506832
-0.000504298
-0.000501776
-0.000499267
-0.00049677
-0.000494286
-0.000491814
-0.000489355
-0.000486908
-0.000484473
-0.000482051
-0.00047964
-0.000477242
-0.000474855
-0.000472481
-0.000470118
-0.000467767
-0.000465428
-0.000463101
-0.000460785
-0.000458481
-0.000456188
-0.000453907
-0.000451637
-0.000449379
-0.000447131
-0.000444896
-0.000442671
-0.000440457
-0.000438255
-0.000436063
-0.000433882
-0.000431713
-0.000429554
-0.000427406
-0.000425269
-0.000423142
-0.000421026
-0.000418921
-0.000416826
-0.000414741
-0.000412667
-0.000410604
-0.000408551
-0.000406508
-0.000404475
-0.000402452
-0.00040044
-0.000398437
-0.000396445
-0.000394462
-0.00039249
-0.000390527
-0.000388574
-0.000386631
-0.000384698
-0.000382774
-0.00038086
-0.000378955
-0.00037706
-0.000375175
-0.000373298
-0.000371432
-0.000369574
-0.000367726
-0.000365887
-0.000364058
-0.000362237
-0.000360426
-0.000358623
-0.00035683
-0.000355045
-0.00035327
-0.000351503
-0.000349746
-0.000347997
-0.000346256
-0.000344525
-0.000342802
-0.000341088
-0.000339382
-0.000337685
-0.000335996
-0.000334316
-0.000332644
-0.000330981
-0.000329326
-0.000327679
-0.00032604
-0.00032441
-0.000322788
-0.000321173
-0.000319567
-0.000317969
-0.000316379
-0.000314797
-0.000313223
-0.000311656
-0.000310098
-0.000308547
-0.000307004
-0.000305469
-0.000303941
-0.000302422
-0.000300909
-0.000299404
-0.000297907
-0.000296417
-0.000294935
-0.00029346
-0.000291993
-0.000290533
-0.00028908
-0.000287634
-0.000286196
-0.000284764
-0.00028334
-0.000281924
-0.000280514
-0.000279111
-0.000277715
-0.000276326
-0.000274945
-0.00027357
-0.000272202
-0.00027084
-0.000269486
-0.000268138
-0.000266797
-0.000265463
-0.000264136
-0.000262815
-0.000261501
-0.000260193
-0.000258892
-0.000257597
-0.000256309
-0.000255027
-0.000253752
-0.000252483
-0.00025122
-0.000249964
-0.000248714
-0.00024747
-0.000246233
-0.000245001
-0.000243776
-0.000242557
-0.000241344
-0.000240137
-0.000238936
-0.000237741
-0.000236552
-0.00023537
-0.000234192
-0.000233021
-0.000231856
-0.000230697
-0.000229543
-0.000228395
-0.000227253
-0.000226116
-0.000224986
-0.000223861
-0.000222741
-0.000221627
-0.000220519
-0.000219416
-0.000218319
-0.000217227
-0.000216141
-0.00021506
-0.000213984
-0.000212914
-0.00021185
-0.00021079
-0.000209736
-0.000208687
-0.000207644
-0.000206605
-0.000205572
-0.000204544
-0.000203521
-0.000202503
-0.000201491
-0.000200483
-0.00019948
-0.000198483
-0.00019749
-0.000196503
-0.00019552
-0.000194542
-0.000193569
-0.000192601
-0.000191638
-0.00019068
-0.000189726
-0.000188778
-0.000187833
-0.000186894
-0.00018596
-0.00018503
-0.000184104
-0.000183184
-0.000182268
-0.000181356
-0.000180449
-0.000179547
-0.000178649
-0.000177755
-0.000176867
-0.000175982
-0.000175102
-0.000174226
-0.000173355
-0.000172488
-0.000171626
-0.000170767
-0.000169913
-0.000169064
-0.000168218
-0.000167377
-0.00016654
-0.000165707
-0.000164878
-0.000164054
-0.000163233
-0.000162417
-0.000161605
-0.000160797
-0.000159993
-0.000159193
-0.000158396
-0.000157604
-0.000156816
-0.000156032
-0.000155252
-0.000154475
-0.000153703
-0.000152934
-0.000152169
-0.000151408
-0.000150651
-0.000149898
-0.000149148
-0.000148402
-0.00014766
-0.000146922
-0.000146187
-0.000145456
-0.000144729
-0.000144005
-0.000143285
-0.000142568
-0.000141855
-0.000141146
-0.00014044
-0.000139738
-0.000139039
-0.000138343
-0.000137652
-0.000136963
-0.000136278
-0.000135597
-0.000134919
-0.000134244
-0.000133573
-0.000132905
-0.00013224
-0.000131579
-0.000130921
-0.000130266
-0.000129615
-0.000128966
-0.000128321
-0.00012768
-0.000127041
-0.000126406
-0.000125774
-0.000125145
-0.000124519
-0.000123896
-0.000123277
-0.00012266
-0.000122047
-0.000121436
-0.000120829
-0.000120225
-0.000119624
-0.000119025
-0.00011843
-0.000117838
-0.000117249
-0.000116662
-0.000116079
-0.000115498
-0.000114921
-0.000114346
-0.000113774
-0.000113205
-0.000112639
-0.000112076
-0.000111515
-0.000110958
-0.000110403
-0.000109851
-0.000109301
-0.000108755
-0.000108211
-0.00010767
-0.000107131
-0.000106596
-0.000106063
-0.000105532
-0.000105004
-0.000104479
-0.000103957
-0.000103437
-0.00010292
-0.000102405
-0.000101893
-0.000101383
-0.000100876
-0.000100372
-9.98699e-05
-9.93705e-05
-9.88735e-05
-9.83791e-05
-9.78871e-05
-9.73976e-05
-9.69105e-05
-9.64259e-05
-9.59437e-05
-9.54639e-05
-9.49865e-05
-9.45115e-05
-9.40388e-05
-9.35686e-05
-9.31006e-05
-9.2635e-05
-9.21718e-05
-9.17109e-05
-9.12522e-05
-9.07959e-05
-9.03418e-05
-8.989e-05
-8.94405e-05
-8.89932e-05
-8.85482e-05
-8.81054e-05
-8.76648e-05
-8.72264e-05
-8.67902e-05
-8.63561e-05
-8.59243e-05
-8.54946e-05
-8.50671e-05
-8.46416e-05
-8.42184e-05
-8.37972e-05
-8.33781e-05
-8.29612e-05
-8.25463e-05
-8.21335e-05
-8.17228e-05
-8.13141e-05
-8.09074e-05
-8.05028e-05
-8.01003e-05
-7.96997e-05
-7.93011e-05
-7.89045e-05
-7.851e-05
-7.81173e-05
-7.77267e-05
-7.7338e-05
-7.69512e-05
-7.65664e-05
-7.61835e-05
-7.58025e-05
-7.54235e-05
-7.50463e-05
-7.4671e-05
-7.42976e-05
-7.3926e-05
-7.35563e-05
-7.31885e-05
-7.28225e-05
-7.24583e-05
-7.20959e-05
-7.17354e-05
-7.13767e-05
-7.10197e-05
-7.06646e-05
-7.03112e-05
-6.99596e-05
-6.96097e-05
-6.92616e-05
-6.89152e-05
-6.85706e-05
-6.82277e-05
-6.78865e-05
-6.7547e-05
-6.72092e-05
-6.68731e-05
-6.65387e-05
-6.62059e-05
-6.58749e-05
-6.55454e-05
-6.52176e-05
-6.48915e-05
-6.4567e-05
-6.42441e-05
-6.39228e-05
-6.36032e-05
-6.32851e-05
-6.29686e-05
-6.26537e-05
-6.23404e-05
-6.20286e-05
-6.17184e-05
-6.14098e-05
-6.11027e-05
-6.07971e-05
-6.04931e-05
-6.01906e-05
-5.98896e-05
-5.95901e-05
-5.92921e-05
-5.89956e-05
-5.87006e-05
-5.8407e-05
-5.81149e-05
-5.78243e-05
-5.75351e-05
-5.72474e-05
-5.69611e-05
-5.66763e-05
-5.63928e-05
-5.61108e-05
-5.58302e-05
-5.5551e-05
-5.52732e-05
-5.49968e-05
-5.47218e-05
-5.44481e-05
-5.41758e-05
-5.39049e-05
-5.36354e-05
-5.33671e-05
-5.31003e-05
-5.28347e-05
-5.25705e-05
-5.23076e-05
-5.2046e-05
-5.17857e-05
-5.15268e-05
-5.12691e-05
-5.10127e-05
-5.07576e-05
-5.05038e-05
-5.02512e-05
-4.99999e-05
-4.97499e-05
-4.95011e-05
-4.92535e-05
-4.90072e-05
-4.87622e-05
-4.85183e-05
-4.82757e-05
-4.80343e-05
-4.7794e-05
-4.7555e-05
-4.73172e-05
-4.70806e-05
-4.68452e-05
-4.66109e-05
-4.63778e-05
-4.61459e-05
-4.59151e-05
-4.56855e-05
-4.5457e-05
-4.52297e-05
-4.50035e-05
-4.47785e-05
-4.45545e-05
-4.43317e-05
-4.411e-05
-4.38894e-05
-4.367e-05
-4.34516e-05
-4.32343e-05
-4.30181e-05
-4.2803e-05
-4.25889e-05
-4.23759e-05
-4.2164e-05
-4.19532e-05
-4.17434e-05
-4.15346e-05
-4.13269e-05
-4.11202e-05
-4.09146e-05
-4.071e-05
-4.05064e-05
-4.03039e-05
-4.01023e-05
-3.99018e-05
-3.97022e-05
-3.95037e-05
-3.93061e-05
-3.91096e-05
-3.8914e-05
-3.87194e-05
-3.85258e-05
-3.83331e-05
-3.81414e-05
-3.79507e-05
-3.77609e-05
-3.7572e-05
-3.73842e-05
-3.71972e-05
-3.70112e-05
-3.68261e-05
-3.66419e-05
-3.64587e-05
-3.62764e-05
-3.6095e-05
-3.59145e-05
-3.57349e-05
-3.55562e-05
-3.53784e-05
-3.52014e-05
-3.50254e-05
-3.48502e-05
-3.4676e-05
-3.45026e-05
-3.433e-05
-3.41583e-05
-3.39875e-05
-3.38176e-05
-3.36485e-05
-3.34802e-05
-3.33128e-05
-3.31462e-05
-3.29804e-05
-3.28379e-05
-3.26738e-05
-3.25096e-05
-3.23459e-05
-3.21828e-05
-3.20204e-05
-3.18588e-05
-3.16982e-05
-3.15385e-05
-3.13798e-05
-3.12221e-05
-3.10651e-05
-3.09091e-05
-3.07538e-05
-3.05994e-05
-3.04459e-05
-3.02932e-05
-3.01412e-05
-2.999e-05
-2.98396e-05
-2.969e-05
-2.95412e-05
-2.93931e-05
-2.92457e-05
-2.90992e-05
-2.89534e-05
-2.88083e-05
-2.8664e-05
-2.85205e-05
-2.83776e-05
-2.82355e-05
-2.80941e-05
-2.79534e-05
-2.78135e-05
-2.76742e-05
-2.75356e-05
-2.73978e-05
-2.72606e-05
-2.71242e-05
-2.69884e-05
-2.68534e-05
-2.67191e-05
-2.65855e-05
-2.64525e-05
-2.63202e-05
-2.61886e-05
-2.60576e-05
-2.59273e-05
-2.57976e-05
-2.56686e-05
-2.55403e-05
-2.54125e-05
-2.52854e-05
-2.5159e-05
-2.50332e-05
-2.4908e-05
-2.47834e-05
-2.46595e-05
-2.45362e-05
-2.44135e-05
-2.42914e-05
-2.41699e-05
-2.4049e-05
-2.39287e-05
-2.38091e-05
-2.369e-05
-2.35715e-05
-2.34537e-05
-2.33364e-05
-2.32197e-05
-2.31035e-05
-2.2988e-05
-2.2873e-05
-2.27587e-05
-2.26448e-05
-2.25316e-05
-2.24189e-05
-2.23068e-05
-2.21952e-05
-2.20842e-05
-2.19738e-05
-2.18639e-05
-2.17546e-05
-2.16458e-05
-2.15375e-05
-2.14298e-05
-2.13226e-05
-2.1216e-05
-2.11099e-05
-2.10043e-05
-2.08993e-05
-2.07948e-05
-2.06908e-05
-2.05873e-05
-2.04843e-05
-2.03819e-05
-2.028e-05
-2.01786e-05
-2.00776e-05
-1.99772e-05
-1.98773e-05
-1.97779e-05
-1.9679e-05
-1.95806e-05
-1.94827e-05
-1.93852e-05
-1.92883e-05
-1.91919e-05
-1.90959e-05
-1.90004e-05
-1.89054e-05
-1.88109e-05
-1.87168e-05
-1.86232e-05
-1.85301e-05
-1.84374e-05
-1.83452e-05
-1.82535e-05
-1.81622e-05
-1.80714e-05
-1.7981e-05
-1.78911e-05
-1.78017e-05
-1.77127e-05
-1.76241e-05
-1.7536e-05
-1.74483e-05
-1.7361e-05
-1.72742e-05
-1.71878e-05
-1.71019e-05
-1.70164e-05
-1.69313e-05
-1.68466e-05
-1.67624e-05
-1.66785e-05
-1.65951e-05
-1.65122e-05
-1.64296e-05
-1.63474e-05
-1.62657e-05
-1.61844e-05
-1.61034e-05
-1.60229e-05
-1.59428e-05
-1.5863e-05
-1.57837e-05
-1.57048e-05
-1.56263e-05
-1.55481e-05
-1.54704e-05
-1.5393e-05
-1.5316e-05
-1.52395e-05
-1.51632e-05
-1.50874e-05
-1.5012e-05
-1.49369e-05
-1.48622e-05
-1.47879e-05
-1.47139e-05
-1.46404e-05
-1.45672e-05
-1.44943e-05
-1.44218e-05
-1.43497e-05
-1.4278e-05
-1.42066e-05
-1.41355e-05
-1.40648e-05
-1.39945e-05
-1.39245e-05
-1.38549e-05
-1.37856e-05
-1.37167e-05
-1.36481e-05
-1.35798e-05
-1.35119e-05
-1.34443e-05
-1.33771e-05
-1.33102e-05
-1.32437e-05
-1.31774e-05
-1.31115e-05
-1.3046e-05
-1.29807e-05
-1.29158e-05
-1.28512e-05
-1.2787e-05
-1.2723e-05
-1.26594e-05
-1.25961e-05
-1.25331e-05
-1.24704e-05
-1.24081e-05
-1.2346e-05
-1.22843e-05
-1.22229e-05
-1.21617e-05
-1.21009e-05
-1.20404e-05
-1.19802e-05
-1.19203e-05
-1.18607e-05
-1.18014e-05
-1.17424e-05
-1.16836e-05
-1.16252e-05
-1.15671e-05
-1.15092e-05
-1.14517e-05
-1.13944e-05
-1.13374e-05
-1.12807e-05
-1.12243e-05
-1.11682e-05
-1.11124e-05
-1.10568e-05
-1.10015e-05
-1.09465e-05
-1.08917e-05
-1.08373e-05
-1.07831e-05
-1.07292e-05
-1.06755e-05
-1.06221e-05
-1.0569e-05
-1.05162e-05
-1.04636e-05
-1.04112e-05
-1.03592e-05
-1.03074e-05
-1.02558e-05
-1.02045e-05
-1.01535e-05
-1.01027e-05
-1.00522e-05
-1.0002e-05
-9.95194e-06
