-0.223862
-0.220425
-0.217075
-0.213807
-0.21062
-0.207511
-0.204479
-0.20152
-0.198633
-0.195816
-0.193067
-0.190384
-0.187764
-0.185207
-0.182711
-0.180273
-0.177892
-0.175567
-0.173295
-0.171076
-0.168908
-0.166789
-0.164719
-0.162695
-0.160717
-0.158783
-0.156892
-0.155043
-0.153234
-0.151465
-0.149734
-0.14804
-0.146383
-0.144761
-0.143173
-0.141619
-0.140097
-0.138607
-0.137147
-0.135717
-0.134317
-0.132944
-0.131599
-0.130281
-0.128989
-0.127722
-0.12648
-0.125261
-0.124066
-0.122894
-0.121744
-0.120615
-0.119508
-0.118421
-0.117353
-0.116305
-0.115276
-0.114265
-0.113272
-0.112296
-0.111337
-0.110395
-0.109468
-0.108558
-0.107662
-0.106782
-0.105915
-0.105063
-0.104225
-0.1034
-0.102588
-0.101789
-0.101003
-0.100228
-0.0994653
-0.098714
-0.097974
-0.0972449
-0.0965264
-0.0958184
-0.0951206
-0.0944326
-0.0937544
-0.0930856
-0.092426
-0.0917754
-0.0911337
-0.0905005
-0.0898757
-0.089259
-0.0886504
-0.0880496
-0.0874564
-0.0868707
-0.0862922
-0.0857209
-0.0851566
-0.084599
-0.0840482
-0.0835038
-0.0829658
-0.082434
-0.0819083
-0.0813886
-0.0808747
-0.0803666
-0.079864
-0.0793669
-0.0788751
-0.0783886
-0.0779072
-0.0774309
-0.0769595
-0.0764929
-0.076031
-0.0755738
-0.0751212
-0.0746729
-0.0742291
-0.0737896
-0.0733542
-0.072923
-0.0724958
-0.0720726
-0.0716533
-0.0712378
-0.0708261
-0.0704181
-0.0700137
-0.0696128
-0.0692154
-0.0688215
-0.0684309
-0.0680437
-0.0676597
-0.0672789
-0.0669013
-0.0665267
-0.0661552
-0.0657867
-0.0654212
-0.0650585
-0.0646987
-0.0643417
-0.0639875
-0.063636
-0.0632872
-0.062941
-0.0625975
-0.0622564
-0.061918
-0.061582
-0.0612484
-0.0609173
-0.0605885
-0.0602621
-0.0599381
-0.0596163
-0.0592967
-0.0589794
-0.0586643
-0.0583514
-0.0580406
-0.0577319
-0.0574252
-0.0571207
-0.0568182
-0.0565176
-0.0562191
-0.0559225
-0.0556279
-0.0553352
-0.0550443
-0.0547553
-0.0544682
-0.0541829
-0.0538994
-0.0536177
-0.0533377
-0.0530595
-0.0527831
-0.0525083
-0.0522352
-0.0519638
-0.0516941
-0.051426
-0.0511595
-0.0508946
-0.0506313
-0.0503696
-0.0501094
-0.0498508
-0.0495937
-0.0493381
-0.049084
-0.0488314
-0.0485803
-0.0483306
-0.0480824
-0.0478356
-0.0475902
-0.0473463
-0.0471037
-0.0468625
-0.0466227
-0.0463842
-0.0461471
-0.0459113
-0.0456769
-0.0454437
-0.0452119
-0.0449814
-0.0447521
-0.0445241
-0.0442974
-0.0440719
-0.0438477
-0.0436247
-0.0434029
-0.0431824
-0.042963
-0.0427449
-0.0425279
-0.0423121
-0.0420975
-0.041884
-0.0416717
-0.0414605
-0.0412505
-0.0410416
-0.0408338
-0.0406272
-0.0404216
-0.0402172
-0.0400138
-0.0398115
-0.0396103
-0.0394101
-0.039211
-0.039013
-0.038816
-0.0386201
-0.0384252
-0.0382313
-0.0380384
-0.0378466
-0.0376557
-0.0374659
-0.037277
-0.0370892
-0.0369023
-0.0367164
-0.0365314
-0.0363475
-0.0361644
-0.0359824
-0.0358012
-0.0356211
-0.0354418
-0.0352635
-0.0350861
-0.0349096
-0.0347341
-0.0345594
-0.0343856
-0.0342128
-0.0340408
-0.0338697
-0.0336995
-0.0335302
-0.0333617
-0.0331941
-0.0330274
-0.0328615
-0.0326965
-0.0325323
-0.032369
-0.0322065
-0.0320448
-0.0318839
-0.0317239
-0.0315647
-0.0314063
-0.0312487
-0.0310919
-0.0309359
-0.0307807
-0.0306263
-0.0304727
-0.0303199
-0.0301678
-0.0300165
-0.029866
-0.0297162
-0.0295673
-0.029419
-0.0292715
-0.0291248
-0.0289788
-0.0288335
-0.028689
-0.0285452
-0.0284022
-0.0282599
-0.0281182
-0.0279774
-0.0278372
-0.0276977
-0.0275589
-0.0274209
-0.0272835
-0.0271468
-0.0270108
-0.0268756
-0.0267409
-0.026607
-0.0264738
-0.0263412
-0.0262093
-0.026078
-0.0259474
-0.0258175
-0.0256882
-0.0255596
-0.0254316
-0.0253043
-0.0251776
-0.0250516
-0.0249261
-0.0248013
-0.0246772
-0.0245537
-0.0244307
-0.0243084
-0.0241868
-0.0240657
-0.0239452
-0.0238254
-0.0237061
-0.0235875
-0.0234694
-0.023352
-0.0232351
-0.0231188
-0.0230031
-0.022888
-0.0227735
-0.0226595
-0.0225461
-0.0224333
-0.022321
-0.0222093
-0.0220982
-0.0219876
-0.0218776
-0.0217681
-0.0216592
-0.0215508
-0.021443
-0.0213357
-0.021229
-0.0211228
-0.0210171
-0.0209119
-0.0208073
-0.0207032
-0.0205996
-0.0204966
-0.020394
-0.020292
-0.0201905
-0.0200895
-0.019989
-0.019889
-0.0197895
-0.0196905
-0.019592
-0.019494
-0.0193964
-0.0192994
-0.0192029
-0.0191068
-0.0190112
-0.0189161
-0.0188215
-0.0187274
-0.0186337
-0.0185405
-0.0184477
-0.0183555
-0.0182637
-0.0181723
-0.0180814
-0.017991
-0.017901
-0.0178114
-0.0177223
-0.0176337
-0.0175455
-0.0174577
-0.0173704
-0.0172835
-0.0171971
-0.0171111
-0.0170255
-0.0169404
-0.0168556
-0.0167713
-0.0166874
-0.016604
-0.0165209
-0.0164383
-0.0163561
-0.0162743
-0.0161929
-0.0161119
-0.0160313
-0.0159511
-0.0158714
-0.015792
-0.015713
-0.0156344
-0.0155562
-0.0154784
-0.015401
-0.015324
-0.0152474
-0.0151711
-0.0150952
-0.0150197
-0.0149446
-0.0148699
-0.0147955
-0.0147215
-0.0146479
-0.0145746
-0.0145018
-0.0144292
-0.0143571
-0.0142853
-0.0142138
-0.0141427
-0.014072
-0.0140016
-0.0139316
-0.013862
-0.0137926
-0.0137237
-0.013655
-0.0135867
-0.0135188
-0.0134512
-0.0133839
-0.013317
-0.0132504
-0.0131841
-0.0131182
-0.0130526
-0.0129873
-0.0129224
-0.0128577
-0.0127934
-0.0127295
-0.0126658
-0.0126025
-0.0125394
-0.0124767
-0.0124143
-0.0123523
-0.0122905
-0.012229
-0.0121679
-0.012107
-0.0120465
-0.0119862
-0.0119263
-0.0118667
-0.0118073
-0.0117483
-0.0116895
-0.0116311
-0.0115729
-0.011515
-0.0114575
-0.0114002
-0.0113432
-0.0112864
-0.01123
-0.0111738
-0.011118
-0.0110624
-0.011007
-0.010952
-0.0108972
-0.0108427
-0.0107885
-0.0107346
-0.0106809
-0.0106275
-0.0105743
-0.0105215
-0.0104688
-0.0104165
-0.0103644
-0.0103126
-0.010261
-0.0102097
-0.0101586
-0.0101078
-0.0100573
-0.010007
-0.00995696
-0.00990717
-0.00985763
-0.00980834
-0.00975929
-0.00971049
-0.00966193
-0.00961362
-0.00956554
-0.00951771
-0.00947012
-0.00942276
-0.00937564
-0.00932876
-0.00928211
-0.00923569
-0.00918951
-0.00914356
-0.00909784
-0.00905234
-0.00900708
-0.00896204
-0.00891722
-0.00887263
-0.00882826
-0.00878412
-0.00874019
-0.00869649
-0.008653
-0.00860973
-0.00856668
-0.00852384
-0.00848122
-0.00843881
-0.00839661
-0.00835462
-0.00831285
-0.00827128
-0.00822992
-0.00818877
-0.00814782
-0.00810707
-0.00806654
-0.0080262
-0.00798607
-0.00794613
-0.0079064
-0.00786686
-0.00782752
-0.00778838
-0.00774944
-0.00771069
-0.00767213
-0.00763377
-0.00759559
-0.00755761
-0.00751982
-0.00748222
-0.00744481
-0.00740758
-0.00737054
-0.00733368
-0.00729701
-0.00726052
-0.00722422
-0.00718809
-0.00715215
-0.00711639
-0.0070808
-0.00704539
-0.00701016
-0.00697511
-0.00694023
-0.00690553
-0.006871
-0.00683664
-0.00680245
-0.00676844
-0.0067346
-0.00670092
-0.00666741
-0.00663407
-0.0066009
-0.00656789
-0.00653505
-0.00650237
-0.00646986
-0.00643751
-0.00640532
-0.00637329
-0.00634142
-0.00630971
-0.00627816
-0.00624677
-0.00621553
-0.00618445
-0.00615353
-0.00612276
-0.00609214
-0.00606168
-0.00603137
-0.00600121
-0.0059712
-0.00594134
-0.00591163
-0.00588207
-0.00585266
-0.0058234
-0.00579428
-0.0057653
-0.00573647
-0.00570779
-0.00567925
-0.00565085
-0.0056226
-0.00559448
-0.00556651
-0.00553867
-0.00551098
-0.00548342
-0.005456
-0.00542872
-0.00540157
-0.00537456
-0.00534769
-0.00532095
-0.00529434
-0.00526787
-0.00524153
-0.00521532
-0.00518924
-0.00516329
-0.00513748
-0.00511179
-0.00508623
-0.00506079
-0.00503549
-0.00501031
-0.00498526
-0.00496033
-0.00493552
-0.00491085
-0.00488629
-0.00486186
-0.00483755
-0.00481336
-0.00478929
-0.00476534
-0.00474151
-0.0047178
-0.00469421
-0.00467074
-0.00464739
-0.00462415
-0.00460103
-0.00457802
-0.00455513
-0.00453235
-0.00450969
-0.00448714
-0.0044647
-0.00444238
-0.00442016
-0.00439806
-0.00437607
-0.00435419
-0.00433242
-0.00431075
-0.0042892
-0.00426775
-0.00424641
-0.00422518
-0.00420405
-0.00418303
-0.00416211
-0.0041413
-0.00412059
-0.00409999
-0.00407949
-0.00405909
-0.00403879
-0.0040186
-0.0039985
-0.00397851
-0.00395862
-0.00393882
-0.00391913
-0.00389953
-0.00388003
-0.00386063
-0.00384133
-0.00382212
-0.00380301
-0.00378399
-0.00376507
-0.00374625
-0.00372751
-0.00370887
-0.00369033
-0.00367188
-0.00365352
-0.00363525
-0.00361707
-0.00359898
-0.00358099
-0.00356308
-0.00354527
-0.00352754
-0.0035099
-0.00349235
-0.00347489
-0.00345751
-0.00344022
-0.00342302
-0.00340591
-0.00338888
-0.00337193
-0.00335507
-0.00333829
-0.0033216
-0.00330499
-0.00328847
-0.00327202
-0.00325566
-0.00323938
-0.00322319
-0.00320707
-0.00319103
-0.00317508
-0.0031592
-0.00314341
-0.00312769
-0.00311205
-0.00309649
-0.003081
-0.0030656
-0.00305027
-0.00303502
-0.00301984
-0.00300474
-0.00298972
-0.00297477
-0.00295989
-0.00294509
-0.00293037
-0.00291572
-0.00290114
-0.00288663
-0.0028722
-0.00285784
-0.00284355
-0.00282933
-0.00281518
-0.0028011
-0.0027871
-0.00277316
-0.00275929
-0.0027455
-0.00273177
-0.00271811
-0.00270452
-0.002691
-0.00267754
-0.00266415
-0.00265083
-0.00263758
-0.00262439
-0.00261127
-0.00259821
-0.00258522
-0.00257229
-0.00255943
-0.00254663
-0.0025339
-0.00252123
-0.00250862
-0.00249608
-0.0024836
-0.00247118
-0.00245882
-0.00244653
-0.00243429
-0.00242212
-0.00241001
-0.00239796
-0.00238597
-0.00237404
-0.00236217
-0.00235036
-0.00233861
-0.00232691
-0.00231528
-0.0023037
-0.00229218
-0.00228072
-0.00226932
-0.00225797
-0.00224668
-0.00223544
-0.00222427
-0.00221315
-0.00220208
-0.00219107
-0.00218011
-0.00216921
-0.00215837
-0.00214757
-0.00213684
-0.00212615
-0.00211552
-0.00210494
-0.00209442
-0.00208394
-0.00207352
-0.00206316
-0.00205284
-0.00204258
-0.00203236
-0.0020222
-0.00201209
-0.00200203
-0.00199202
-0.00198206
-0.00197215
-0.00196229
-0.00195247
-0.00194271
-0.001933
-0.00192333
-0.00191371
-0.00190415
-0.00189462
-0.00188515
-0.00187573
-0.00186635
-0.00185701
-0.00184773
-0.00183849
-0.0018293
-0.00182015
-0.00181105
-0.00180199
-0.00179298
-0.00178402
-0.0017751
-0.00176622
-0.00175739
-0.0017486
-0.00173986
-0.00173116
-0.0017225
-0.00171389
-0.00170532
-0.0016968
-0.00168831
-0.00167987
-0.00167147
-0.00166311
-0.0016548
-0.00164652
-0.00163829
-0.0016301
-0.00162195
-0.00161384
-0.00160577
-0.00159774
-0.00158975
-0.0015818
-0.00157389
-0.00156602
-0.00155819
-0.0015504
-0.00154265
-0.00153493
-0.00152726
-0.00151962
-0.00151202
-0.00150446
-0.00149694
-0.00148946
-0.00148201
-0.0014746
-0.00146723
-0.00145989
-0.00145259
-0.00144533
-0.0014381
-0.00143091
-0.00142375
-0.00141664
-0.00140955
-0.0014025
-0.00139549
-0.00138851
-0.00138157
-0.00137466
-0.00136779
-0.00136095
-0.00135415
-0.00134737
-0.00134064
-0.00133393
-0.00132726
-0.00132063
-0.00131402
-0.00130745
-0.00130092
-0.00129441
-0.00128794
-0.0012815
-0.00127509
-0.00126872
-0.00126237
-0.00125606
-0.00124978
-0.00124353
-0.00123731
-0.00123113
-0.00122497
-0.00121885
-0.00121275
-0.00120669
-0.00120065
-0.00119465
-0.00118868
-0.00118273
-0.00117682
-0.00117094
-0.00116508
-0.00115926
-0.00115346
-0.00114769
-0.00114195
-0.00113624
-0.00113056
-0.00112491
-0.00111928
-0.00111369
-0.00110812
-0.00110258
-0.00109706
-0.00109158
-0.00108612
-0.00108069
-0.00107529
-0.00106991
-0.00106456
-0.00105924
-0.00105394
-0.00104867
-0.00104343
-0.00103821
-0.00103302
-0.00102785
-0.00102272
-0.0010176
-0.00101251
-0.00100745
-0.00100241
-0.000997401
-0.000992414
-0.000987452
-0.000982515
-0.000977602
-0.000972714
-0.00096785
-0.000963011
-0.000958196
-0.000953404
-0.000948637
-0.000943894
-0.000939174
-0.000934478
-0.000929806
-0.000925157
-0.000920531
-0.000915928
-0.000911348
-0.000906792
-0.000902258
-0.000897746
-0.000893257
-0.000888791
-0.000884347
-0.000879925
-0.000875525
-0.000871148
-0.000866792
-0.000862458
-0.000858145
-0.000853855
-0.000849585
-0.000845337
-0.00084111
-0.000836905
-0.00083272
-0.000828556
-0.000824414
-0.000820291
-0.00081619
-0.000812109
-0.000808048
-0.000804008
-0.000799988
-0.000795988
-0.000792008
-0.000788048
-0.000784107
-0.000780187
-0.000776286
-0.000772404
-0.000768542
-0.000764699
-0.000760876
-0.000757071
-0.000753286
-0.000749519
-0.000745772
-0.000742043
-0.000738332
-0.000734641
-0.000730967
-0.000727313
-0.000723676
-0.000720057
-0.000716457
-0.000712875
-0.00070931
-0.000705764
-0.000702235
-0.000698724
-0.00069523
-0.000691754
-0.000688295
-0.000684856
-0.000681431
-0.000678023
-0.000674633
-0.00067126
-0.000667903
-0.000664563
-0.00066124
-0.000657934
-0.000654644
-0.000651371
-0.000648114
-0.000644874
-0.000641649
-0.000638441
-0.000635248
-0.000632072
-0.000628912
-0.000625767
-0.000622638
-0.000619525
-0.000616427
-0.000613345
-0.000610278
-0.000607227
-0.000604191
-0.00060117
-0.000598164
-0.000595173
-0.000592197
-0.000589236
-0.000586289
-0.000583358
-0.000580441
-0.000577539
-0.000574651
-0.000571778
-0.000568919
-0.000566074
-0.000563244
-0.000560427
-0.000557625
-0.000554837
-0.000552063
-0.000549302
-0.000546556
-0.000543823
-0.000541104
-0.000538398
-0.000535706
-0.000533027
-0.000530362
-0.00052771
-0.000525072
-0.000522446
-0.000519834
-0.000517235
-0.000514649
-0.000512075
-0.000509515
-0.000506967
-0.000504432
-0.00050191
-0.000499401
-0.000496903
-0.000494419
-0.000491947
-0.000489487
-0.00048704
-0.000484604
-0.000482181
-0.00047977
-0.000477371
-0.000474985
-0.00047261
-0.000470246
-0.000467895
-0.000465556
-0.000463228
-0.000460912
-0.000458607
-0.000456314
-0.000454032
-0.000451762
-0.000449503
-0.000447256
-0.00044502
-0.000442794
-0.00044058
-0.000438377
-0.000436186
-0.000434005
-0.000431835
-0.000429675
-0.000427527
-0.000425389
-0.000423262
-0.000421146
-0.00041904
-0.000416945
-0.00041486
-0.000412786
-0.000410722
-0.000408668
-0.000406625
-0.000404592
-0.000402569
-0.000400556
-0.000398553
-0.00039656
-0.000394577
-0.000392605
-0.000390642
-0.000388688
-0.000386745
-0.000384811
-0.000382887
-0.000380973
-0.000379068
-0.000377172
-0.000375286
-0.00037341
-0.000371543
-0.000369685
-0.000367837
-0.000365997
-0.000364167
-0.000362347
-0.000360535
-0.000358732
-0.000356938
-0.000355154
-0.000353378
-0.000351611
-0.000349853
-0.000348104
-0.000346363
-0.000344631
-0.000342908
-0.000341194
-0.000339488
-0.00033779
-0.000336101
-0.000334421
-0.000332749
-0.000331085
-0.000329429
-0.000327782
-0.000326143
-0.000324513
-0.00032289
-0.000321275
-0.000319669
-0.000318071
-0.00031648
-0.000314898
-0.000313323
-0.000311757
-0.000310198
-0.000308647
-0.000307104
-0.000305568
-0.00030404
-0.00030252
-0.000301007
-0.000299502
-0.000298005
-0.000296515
-0.000295032
-0.000293557
-0.000292089
-0.000290629
-0.000289176
-0.00028773
-0.000286291
-0.00028486
-0.000283435
-0.000282018
-0.000280608
-0.000279205
-0.000277809
-0.00027642
-0.000275038
-0.000273663
-0.000272294
-0.000270933
-0.000269578
-0.00026823
-0.000266889
-0.000265555
-0.000264227
-0.000262906
-0.000261591
-0.000260283
-0.000258982
-0.000257687
-0.000256398
-0.000255116
-0.000253841
-0.000252571
-0.000251309
-0.000250052
-0.000248802
-0.000247558
-0.00024632
-0.000245088
-0.000243863
-0.000242644
-0.00024143
-0.000240223
-0.000239022
-0.000237827
-0.000236638
-0.000235455
-0.000234277
-0.000233106
-0.00023194
-0.000230781
-0.000229627
-0.000228479
-0.000227336
-0.0002262
-0.000225068
-0.000223943
-0.000222823
-0.000221709
-0.000220601
-0.000219498
-0.0002184
-0.000217308
-0.000216222
-0.000215141
-0.000214065
-0.000212994
-0.00021193
-0.00021087
-0.000209815
-0.000208766
-0.000207723
-0.000206684
-0.000205651
-0.000204622
-0.000203599
-0.000202581
-0.000201568
-0.00020056
-0.000199558
-0.00019856
-0.000197567
-0.000196579
-0.000195596
-0.000194618
-0.000193645
-0.000192677
-0.000191713
-0.000190755
-0.000189801
-0.000188852
-0.000187908
-0.000186968
-0.000186033
-0.000185103
-0.000184178
-0.000183257
-0.000182341
-0.000181429
-0.000180522
-0.000179619
-0.000178721
-0.000177827
-0.000176938
-0.000176054
-0.000175173
-0.000174297
-0.000173426
-0.000172559
-0.000171696
-0.000170837
-0.000169983
-0.000169133
-0.000168288
-0.000167446
-0.000166609
-0.000165776
-0.000164947
-0.000164122
-0.000163302
-0.000162485
-0.000161673
-0.000160864
-0.00016006
-0.00015926
-0.000158463
-0.000157671
-0.000156883
-0.000156098
-0.000155318
-0.000154541
-0.000153769
-0.000153
-0.000152235
-0.000151473
-0.000150716
-0.000149963
-0.000149213
-0.000148467
-0.000147724
-0.000146986
-0.000146251
-0.000145519
-0.000144792
-0.000144068
-0.000143348
-0.000142631
-0.000141918
-0.000141208
-0.000140502
-0.000139799
-0.0001391
-0.000138405
-0.000137713
-0.000137024
-0.000136339
-0.000135658
-0.000134979
-0.000134304
-0.000133633
-0.000132965
-0.0001323
-0.000131638
-0.00013098
-0.000130325
-0.000129674
-0.000129025
-0.00012838
-0.000127738
-0.000127099
-0.000126464
-0.000125832
-0.000125203
-0.000124576
-0.000123954
-0.000123334
-0.000122717
-0.000122104
-0.000121493
-0.000120886
-0.000120281
-0.00011968
-0.000119081
-0.000118486
-0.000117893
-0.000117304
-0.000116717
-0.000116134
-0.000115553
-0.000114975
-0.000114401
-0.000113829
-0.000113259
-0.000112693
-0.00011213
-0.000111569
-0.000111011
-0.000110456
-0.000109904
-0.000109354
-0.000108807
-0.000108263
-0.000107722
-0.000107184
-0.000106648
-0.000106114
-0.000105584
-0.000105056
-0.000104531
-0.000104008
-0.000103488
-0.00010297
-0.000102456
-0.000101943
-0.000101434
-0.000100926
-0.000100422
-9.99197e-05
-9.94201e-05
-9.8923e-05
-9.84283e-05
-9.79362e-05
-9.74465e-05
-9.69593e-05
-9.64745e-05
-9.59921e-05
-9.55121e-05
-9.50346e-05
-9.45594e-05
-9.40866e-05
-9.36162e-05
-9.31481e-05
-9.26823e-05
-9.22189e-05
-9.17578e-05
-9.1299e-05
-9.08425e-05
-9.03883e-05
-8.99364e-05
-8.94867e-05
-8.90392e-05
-8.8594e-05
-8.81511e-05
-8.77103e-05
-8.72718e-05
-8.68354e-05
-8.64012e-05
-8.59692e-05
-8.55394e-05
-8.51117e-05
-8.46861e-05
-8.42627e-05
-8.38414e-05
-8.34221e-05
-8.3005e-05
-8.259e-05
-8.2177e-05
-8.17662e-05
-8.13573e-05
-8.09505e-05
-8.05458e-05
-8.01431e-05
-7.97423e-05
-7.93436e-05
-7.89469e-05
-7.85522e-05
-7.81594e-05
-7.77686e-05
-7.73798e-05
-7.69929e-05
-7.66079e-05
-7.62248e-05
-7.58437e-05
-7.54645e-05
-7.50872e-05
-7.47117e-05
-7.43382e-05
-7.39665e-05
-7.35966e-05
-7.32287e-05
-7.28625e-05
-7.24982e-05
-7.21357e-05
-7.1775e-05
-7.14161e-05
-7.10591e-05
-7.07038e-05
-7.03502e-05
-6.99985e-05
-6.96485e-05
-6.93003e-05
-6.89538e-05
-6.8609e-05
-6.82659e-05
-6.79246e-05
-6.7585e-05
-6.72471e-05
-6.69108e-05
-6.65763e-05
-6.62434e-05
-6.59122e-05
-6.55826e-05
-6.52547e-05
-6.49284e-05
-6.46038e-05
-6.42807e-05
-6.39593e-05
-6.36395e-05
-6.33213e-05
-6.30047e-05
-6.26897e-05
-6.23763e-05
-6.20644e-05
-6.1754e-05
-6.14453e-05
-6.1138e-05
-6.08324e-05
-6.05282e-05
-6.02255e-05
-5.99244e-05
-5.96248e-05
-5.93267e-05
-5.903e-05
-5.87349e-05
-5.84412e-05
-5.8149e-05
-5.78583e-05
-5.7569e-05
-5.72811e-05
-5.69947e-05
-5.67097e-05
-5.64262e-05
-5.6144e-05
-5.58633e-05
-5.5584e-05
-5.53061e-05
-5.50296e-05
-5.47544e-05
-5.44806e-05
-5.42082e-05
-5.39372e-05
-5.36675e-05
-5.33992e-05
-5.31322e-05
-5.28665e-05
-5.26022e-05
-5.23392e-05
-5.20775e-05
-5.18171e-05
-5.1558e-05
-5.13002e-05
-5.10437e-05
-5.07885e-05
-5.05345e-05
-5.02819e-05
-5.00304e-05
-4.97803e-05
-4.95314e-05
-4.92837e-05
-4.90373e-05
-4.87921e-05
-4.85482e-05
-4.83054e-05
-4.80639e-05
-4.78236e-05
-4.75844e-05
-4.73465e-05
-4.71098e-05
-4.68742e-05
-4.66399e-05
-4.64067e-05
-4.61746e-05
-4.59438e-05
-4.5714e-05
-4.54855e-05
-4.5258e-05
-4.50317e-05
-4.48066e-05
-4.45826e-05
-4.43596e-05
-4.41378e-05
-4.39171e-05
-4.36976e-05
-4.34791e-05
-4.32617e-05
-4.30454e-05
-4.28301e-05
-4.2616e-05
-4.24029e-05
-4.21909e-05
-4.19799e-05
-4.177e-05
-4.15612e-05
-4.13534e-05
-4.11466e-05
-4.09409e-05
-4.07362e-05
-4.05325e-05
-4.03298e-05
-4.01282e-05
-3.99275e-05
-3.97279e-05
-3.95293e-05
-3.93316e-05
-3.91349e-05
-3.89393e-05
-3.87446e-05
-3.85509e-05
-3.83581e-05
-3.81663e-05
-3.79755e-05
-3.77856e-05
-3.75967e-05
-3.74087e-05
-3.72216e-05
-3.70355e-05
-3.68504e-05
-3.66661e-05
-3.64828e-05
-3.63004e-05
-3.61188e-05
-3.59383e-05
-3.57586e-05
-3.55798e-05
-3.54019e-05
-3.52249e-05
-3.50487e-05
-3.48735e-05
-3.46991e-05
-3.45256e-05
-3.4353e-05
-3.41812e-05
-3.40103e-05
-3.38403e-05
-3.36711e-05
-3.35027e-05
-3.33352e-05
-3.31685e-05
-3.30027e-05
-3.28377e-05
-3.26936e-05
-3.25302e-05
-3.23668e-05
-3.22038e-05
-3.20414e-05
-3.18798e-05
-3.17194e-05
-3.15597e-05
-3.14009e-05
-3.1243e-05
-3.10858e-05
-3.09296e-05
-3.07741e-05
-3.06195e-05
-3.04658e-05
-3.03128e-05
-3.01607e-05
-3.00093e-05
-2.98588e-05
-2.9709e-05
-2.95601e-05
-2.94119e-05
-2.92645e-05
-2.91178e-05
-2.89719e-05
-2.88268e-05
-2.86824e-05
-2.85387e-05
-2.83958e-05
-2.82538e-05
-2.81125e-05
-2.79719e-05
-2.78321e-05
-2.76929e-05
-2.75544e-05
-2.74166e-05
-2.72795e-05
-2.71431e-05
-2.70074e-05
-2.68724e-05
-2.6738e-05
-2.66043e-05
-2.64713e-05
-2.63389e-05
-2.62072e-05
-2.60762e-05
-2.59458e-05
-2.5816e-05
-2.56869e-05
-2.55585e-05
-2.54307e-05
-2.53035e-05
-2.5177e-05
-2.50511e-05
-2.49259e-05
-2.48012e-05
-2.46772e-05
-2.45538e-05
-2.44311e-05
-2.43089e-05
-2.41874e-05
-2.40664e-05
-2.39461e-05
-2.38264e-05
-2.37073e-05
-2.35887e-05
-2.34708e-05
-2.33535e-05
-2.32367e-05
-2.31205e-05
-2.30049e-05
-2.28899e-05
-2.27755e-05
-2.26616e-05
-2.25483e-05
-2.24356e-05
-2.23234e-05
-2.22118e-05
-2.21007e-05
-2.19902e-05
-2.18803e-05
-2.17709e-05
-2.1662e-05
-2.15537e-05
-2.1446e-05
-2.13387e-05
-2.1232e-05
-2.11259e-05
-2.10203e-05
-2.09152e-05
-2.08106e-05
-2.07065e-05
-2.0603e-05
-2.05e-05
-2.03975e-05
-2.02955e-05
-2.0194e-05
-2.00931e-05
-1.99926e-05
-1.98926e-05
-1.97932e-05
-1.96942e-05
-1.95957e-05
-1.94978e-05
-1.94003e-05
-1.93033e-05
-1.92068e-05
-1.91107e-05
-1.90152e-05
-1.89201e-05
-1.88255e-05
-1.87314e-05
-1.86377e-05
-1.85445e-05
-1.84518e-05
-1.83595e-05
-1.82677e-05
-1.81764e-05
-1.80855e-05
-1.79951e-05
-1.79051e-05
-1.78156e-05
-1.77265e-05
-1.76379e-05
-1.75497e-05
-1.74619e-05
-1.73746e-05
-1.72877e-05
-1.72013e-05
-1.71153e-05
-1.70297e-05
-1.69446e-05
-1.68598e-05
-1.67755e-05
-1.66917e-05
-1.66082e-05
-1.65252e-05
-1.64425e-05
-1.63603e-05
-1.62785e-05
-1.61971e-05
-1.61161e-05
-1.60356e-05
-1.59554e-05
-1.58756e-05
-1.57962e-05
-1.57172e-05
-1.56387e-05
-1.55605e-05
-1.54827e-05
-1.54052e-05
-1.53282e-05
-1.52516e-05
-1.51753e-05
-1.50994e-05
-1.50239e-05
-1.49488e-05
-1.48741e-05
-1.47997e-05
-1.47257e-05
-1.46521e-05
-1.45788e-05
-1.45059e-05
-1.44334e-05
-1.43612e-05
-1.42894e-05
-1.4218e-05
-1.41469e-05
-1.40761e-05
-1.40058e-05
-1.39357e-05
-1.3866e-05
-1.37967e-05
-1.37277e-05
-1.36591e-05
-1.35908e-05
-1.35228e-05
-1.34552e-05
-1.33879e-05
-1.3321e-05
-1.32544e-05
-1.31881e-05
-1.31222e-05
-1.30566e-05
-1.29913e-05
-1.29263e-05
-1.28617e-05
-1.27974e-05
-1.27334e-05
-1.26697e-05
-1.26064e-05
-1.25434e-05
-1.24806e-05
-1.24182e-05
-1.23561e-05
-1.22944e-05
-1.22329e-05
-1.21717e-05
-1.21109e-05
-1.20503e-05
-1.19901e-05
-1.19301e-05
-1.18705e-05
-1.18111e-05
-1.1752e-05
-1.16933e-05
-1.16348e-05
-1.15766e-05
-1.15188e-05
-1.14612e-05
-1.14039e-05
-1.13468e-05
-1.12901e-05
-1.12337e-05
-1.11775e-05
-1.11216e-05
-1.1066e-05
-1.10107e-05
-1.09556e-05
-1.09008e-05
-1.08463e-05
-1.07921e-05
-1.07381e-05
-1.06844e-05
-1.0631e-05
-1.05779e-05
-1.0525e-05
-1.04723e-05
-1.042e-05
-1.03679e-05
-1.0316e-05
-1.02645e-05
-1.02131e-05
-1.01621e-05
-1.01113e-05
-1.00607e-05
-1.00104e-05
-9.96034e-06
