0.505001
0.509081
0.495815
0.491643
0.487369
0.488493
0.485392
0.48942
0.493748
0.509978
0.504609
0.508749
0.496645
0.492066
0.491483
0.487528
0.498794
0.490483
0.494261
0.493597
0.491339
0.485395
0.496595
0.492377
0.506193
0.495236
0.488375
0.49011
0.495117
0.493275
0.496241
0.489894
0.491213
0.4882
0.489467
0.48892
0.488361
0.493041
0.489349
0.500401
0.491253
0.494653
0.486806
0.49485
0.492422
0.486539
0.491044
0.492996
0.486369
0.490566
0.494817
0.492491
0.487471
0.488292
0.493294
0.490727
0.489515
0.485611
0.488042
0.489629
0.492953
0.485987
0.494644
0.487042
0.484298
0.489973
0.484712
0.485301
0.49178
0.486084
0.494147
0.494705
0.486408
0.487552
0.492032
0.501878
0.486707
0.486508
0.488388
0.491646
0.491221
0.493595
0.49178
0.492593
0.49225
0.492828
0.49224
0.498801
0.484436
0.484517
0.48644
0.490608
0.488898
0.505614
0.486329
0.4877
0.483211
0.487515
0.492733
0.49031
0.494579
0.48959
0.495436
0.490696
0.498019
0.486927
0.491943
0.49185
0.492935
0.494355
0.488801
0.498063
0.501182
0.488752
0.487437
0.488147
0.487595
0.500377
0.490756
0.481374
0.494785
0.488165
0.489534
0.49098
0.501493
0.483098
0.490545
0.489726
0.49491
0.492764
0.492324
0.495313
0.487799
0.488669
0.496559
0.485617
0.486831
0.496468
0.48579
0.485998
0.487938
0.490419
0.499031
0.489026
0.493502
0.500518
0.492834
0.491996
0.494214
0.495033
0.499658
0.485279
0.502812
0.501273
0.507712
0.492629
0.486289
0.489894
0.488334
0.494958
0.499583
0.48759
0.495819
0.490348
0.494837
0.491197
0.485318
0.495025
0.491935
0.485916
0.48612
0.501025
0.497372
0.485313
0.486572
0.506981
0.497682
0.490441
0.486558
0.490422
0.495643
0.487753
0.497793
0.49229
0.489856
0.487746
0.486791
0.480785
0.498859
0.504692
0.490365
0.482091
0.487032
0.491264
0.48893
0.488414
0.493482
0.486068
0.501875
0.50078
0.493186
0.499977
0.492563
0.497973
0.483645
0.494952
0.490729
0.497463
0.49326
0.489948
0.497951
0.490168
0.48475
0.488277
0.490344
0.487372
0.496454
0.486229
0.489826
0.487041
0.500622
0.495087
0.490545
0.49474
0.489433
0.49252
0.487516
0.485496
0.485241
0.495249
0.485112
0.492006
0.492581
0.494613
0.484885
0.492161
0.496003
0.494481
0.483369
0.503975
0.486432
0.485729
0.481004
0.488997
0.504597
0.491264
0.497388
0.489422
0.495837
0.484644
0.495018
0.48746
0.491532
0.492561
0.494009
0.491327
0.487694
0.495143
0.488678
0.484439
0.487481
0.488471
0.506308
0.484227
0.494546
0.486237
0.493085
0.499644
0.496262
0.491966
0.483452
0.491479
0.497086
0.486555
0.498532
0.490442
0.502451
0.491317
0.488875
0.498021
0.490075
0.490939
0.502881
0.496367
0.496194
0.499543
0.491294
0.490868
0.491363
0.489651
0.487024
0.50131
0.495913
0.483968
0.491692
0.488631
0.487555
0.486233
0.493848
0.493801
0.490053
0.492491
0.490197
0.494754
0.492842
0.486172
0.494093
0.490118
0.493288
0.501942
0.493731
0.491349
0.494237
0.493448
0.494807
0.483314
0.480812
0.490732
0.490542
0.495899
0.492696
0.495689
0.490683
0.487182
0.496658
0.494773
0.490349
0.489505
0.488712
0.48628
0.48586
0.493821
0.485259
0.484817
0.484339
0.485851
0.497225
0.511949
0.497305
0.486149
0.501367
0.504259
0.494903
0.495047
0.488309
0.497432
0.491239
0.497628
0.486135
0.498895
0.503957
0.492718
0.489629
0.500767
0.487226
0.491399
0.485788
0.487248
0.489384
0.487733
0.481288
0.489934
0.491399
0.487104
0.498982
0.489297
0.486263
0.488236
0.49649
0.492807
0.501451
0.504756
0.487042
0.488119
0.483883
0.491272
0.488267
0.489146
0.494074
0.487914
0.495922
0.485907
0.492989
0.495655
0.494464
0.488467
0.489284
0.490724
0.49079
0.491367
0.488432
0.483728
0.486563
0.484302
0.484978
0.486838
0.48487
0.488861
0.486814
0.491625
0.485635
0.499072
0.497353
0.495334
0.496504
0.482741
0.489011
0.493453
0.489259
0.494942
0.503632
0.489717
0.486499
0.487508
0.496408
0.488304
0.498409
0.488687
0.501983
0.500675
0.487607
0.491651
0.485443
0.49342
0.492183
0.489759
0.495413
0.490458
0.489803
0.495134
0.487823
0.488133
0.486652
0.495248
0.487452
0.497948
0.491653
0.493309
0.484495
0.502046
0.506819
0.491037
0.496674
0.492435
0.482301
0.487519
0.493538
0.511342
0.501029
0.503949
0.500543
0.501694
0.504362
0.500659
0.502106
0.503637
0.499936
0.502328
0.503229
0.500356
0.501656
0.503595
0.501342
0.490464
0.481083
0.484383
0.475289
0.474684
0.47776
0.47657
0.473497
0.476208
0.485914
0.480508
0.475735
0.480013
0.476857
0.475672
0.482066
0.474507
0.475618
0.488229
0.478906
0.488159
0.47622
0.490571
0.485783
0.477743
0.481056
0.483928
0.478405
0.48206
0.478019
0.496367
0.479235
0.474311
0.480549
0.488825
0.477573
0.479561
0.474709
0.492894
0.485473
0.476548
0.482089
0.476746
0.485065
0.479446
0.486743
0.479153
0.475181
0.473493
0.479223
0.473554
0.47346
0.474792
0.474093
0.486743
0.480852
0.477634
0.480559
0.475158
0.477344
0.474507
0.492133
0.476222
0.479146
0.482632
0.478945
0.484584
0.481013
0.473532
0.485058
0.483938
0.483623
0.480449
0.479698
0.484896
0.485816
0.480945
0.484133
0.477355
0.487211
0.48142
0.481953
0.479949
0.475874
0.483429
0.484561
0.47778
0.477133
0.471681
0.488464
0.484634
0.482965
0.47315
0.483064
0.490352
0.479869
0.478087
0.475709
0.480466
0.48607
0.490984
0.492545
0.476229
0.482896
0.484375
0.480018
0.483857
0.486505
0.480957
0.476131
0.484405
0.473781
0.486959
0.482902
0.470669
0.476769
0.476134
0.47797
0.476681
0.476435
0.473354
0.477358
0.472643
0.47472
0.475835
0.483051
0.478246
0.480837
0.484078
0.477443
0.474323
0.491051
0.475313
0.485055
0.484279
0.476867
0.477246
0.482807
0.477692
0.479599
0.498702
0.48766
0.48733
0.477802
0.479385
0.484447
0.473379
0.478949
0.479725
0.471305
0.484592
0.481509
0.474939
0.477463
0.475304
0.482514
0.479289
0.494577
0.476729
0.487157
0.478056
0.474696
0.481149
0.481801
0.480642
0.479006
0.482987
0.479982
0.48806
0.481587
0.483142
0.479445
0.477459
0.474895
0.47459
0.485323
0.484602
0.48083
0.478566
0.478225
0.481725
0.480078
0.478754
0.469731
0.480332
0.473446
0.479845
0.485637
0.47434
0.485705
0.481773
0.483124
0.485189
0.4789
0.485855
0.481571
0.483736
0.481451
0.475557
0.475436
0.481179
0.474435
0.486137
0.474101
0.485974
0.481566
0.486374
0.478775
0.48114
0.477274
0.484456
0.477146
0.47981
0.485246
0.471449
0.477002
0.476006
0.474859
0.475691
0.481995
0.482442
0.476723
0.482187
0.475907
0.473828
0.475474
0.474061
0.476509
0.479032
0.487283
0.49559
0.484046
0.480773
0.487329
0.482432
0.491902
0.49509
0.486743
0.481084
0.49042
0.480618
0.481319
0.47629
0.477848
0.47962
0.478711
0.483993
0.484033
0.47364
0.483192
0.485881
0.475466
0.491998
0.480935
0.474437
0.475199
0.478231
0.487247
0.47917
0.491107
0.47855
0.487114
0.481412
0.483551
0.476489
0.471894
0.484531
0.478851
0.47921
0.47137
0.488208
0.485201
0.475487
0.485713
0.480441
0.480034
0.479907
0.481869
0.480558
0.481666
0.481574
0.479645
0.47743
0.476179
0.476958
0.475914
0.476801
0.479112
0.494392
0.484391
0.481319
0.480093
0.481628
0.480039
0.488691
0.486645
0.478215
0.477071
0.488067
0.479667
0.506546
0.491819
0.481157
0.475879
0.478792
0.476748
0.485962
0.481969
0.479796
0.47442
0.484861
0.482588
0.48375
0.479395
0.477454
0.476267
0.481158
0.483175
0.489436
0.492629
0.474094
0.476486
0.475993
0.474479
0.476995
0.478114
0.474513
0.485309
0.47995
0.483046
0.479469
0.479287
0.474986
0.47918
0.477903
0.480616
0.482922
0.500494
0.48485
0.478917
0.491234
0.47901
0.478956
0.480308
0.480576
0.484966
0.476388
0.478128
0.478342
0.487151
0.475401
0.476729
0.477079
0.481315
0.478336
0.493572
0.493989
0.476238
0.48031
0.480606
0.481381
0.486343
0.48254
0.482406
0.477856
0.479391
0.476142
0.477006
0.483996
0.482455
0.500009
0.48951
0.485281
0.480351
0.481233
0.483671
0.47309
0.486847
0.476661
0.481055
0.477708
0.477477
0.484304
0.481826
0.486602
0.483806
0.485063
0.475282
0.481612
0.480981
0.472157
0.49024
0.488323
0.490762
0.481957
0.473475
0.481453
0.481197
0.473549
0.483875
0.480021
0.49126
0.487921
0.480171
0.477597
0.484982
0.475923
0.472008
0.475771
0.481511
0.480624
0.482043
0.475545
0.477286
0.477794
0.477236
0.485389
0.478616
0.488866
0.482854
0.482535
0.480799
0.481875
0.477765
0.479738
0.483862
0.481522
0.479764
0.479993
0.480401
0.485293
0.480003
0.471063
0.480009
0.47639
0.475095
0.480191
0.480255
0.477967
0.47577
0.472961
0.475871
0.479669
0.487482
0.487177
0.479643
0.479608
0.471957
0.478263
0.48513
0.477012
0.475471
0.479016
0.485567
0.480873
0.478019
0.4792
0.486004
0.479766
0.478433
0.477019
0.475193
0.484262
0.482979
0.491773
0.479098
0.478478
0.476536
0.490791
0.480315
0.484568
0.475441
0.484175
0.481389
0.4853
0.476487
0.484619
0.483576
0.48452
0.474852
0.480182
0.475463
0.492087
0.473284
0.475142
0.484264
0.474937
0.479008
0.47324
0.481066
0.488217
0.47318
0.492597
0.482853
0.474071
0.476996
0.477378
0.475721
0.4785
0.475566
0.482165
0.493098
0.48487
0.48285
0.475586
0.474021
0.47991
0.482251
0.497318
0.499532
0.488816
0.475893
0.477048
0.49252
0.497823
0.4845
0.483711
0.475098
0.478433
0.475886
0.480602
0.47614
0.484824
0.492298
0.480326
0.484312
0.473663
0.48565
0.47631
0.48331
0.49046
0.474576
0.482323
0.483534
0.483669
0.480177
0.477331
0.476629
0.477036
0.482504
0.476635
0.479955
0.490786
0.474039
0.478166
0.478703
0.477647
0.478168
0.479215
0.478027
0.473207
0.481744
0.500315
0.491681
0.477735
0.479419
0.473315
0.48787
0.476738
0.484987
0.47697
0.485126
0.491873
0.488612
0.480441
0.48212
0.476962
0.474597
0.479764
0.480553
0.477451
0.480072
0.480916
0.490665
0.493575
0.493761
0.491675
0.491111
0.487301
0.477327
0.480381
0.475336
0.480631
0.469742
0.470726
0.476463
0.464931
0.466439
0.467746
0.459599
0.468099
0.468301
0.468874
0.47286
0.473396
0.471232
0.468343
0.466604
0.467351
0.468353
0.466394
0.467199
0.467938
0.47916
0.484476
0.477022
0.468996
0.467298
0.467556
0.46604
0.461412
0.470263
0.466064
0.4649
0.473788
0.468176
0.47615
0.467651
0.480646
0.487325
0.47121
0.46913
0.465777
0.469961
0.476999
0.46403
0.464697
0.471169
0.484146
0.466678
0.468841
0.469847
0.474988
0.467803
0.471829
0.470646
0.471502
0.467576
0.466964
0.468131
0.464084
0.471709
0.470058
0.466299
0.4677
0.463561
0.473863
0.467238
0.46422
0.465559
0.466054
0.47012
0.464632
0.464573
0.464648
0.464319
0.469508
0.46116
0.481648
0.485581
0.473635
0.461851
0.468049
0.463111
0.466561
0.469631
0.473353
0.467671
0.471766
0.469246
0.476221
0.472183
0.463348
0.467844
0.465886
0.470295
0.477041
0.471763
0.469849
0.466758
0.476363
0.471112
0.47493
0.477618
0.47587
0.485909
0.477136
0.478752
0.471485
0.462532
0.473996
0.468992
0.471277
0.465162
0.466295
0.469788
0.473472
0.469283
0.468612
0.475208
0.471891
0.475804
0.466259
0.468129
0.466197
0.470251
0.465486
0.464236
0.465823
0.468798
0.476606
0.491445
0.476204
0.465085
0.467321
0.470258
0.483712
0.471336
0.467981
0.468885
0.469704
0.46411
0.467374
0.468175
0.464316
0.467554
0.467789
0.463324
0.476569
0.461982
0.466094
0.463581
0.470929
0.478617
0.475289
0.471626
0.467989
0.47469
0.465665
0.471146
0.468932
0.470368
0.469797
0.472132
0.469411
0.474304
0.463339
0.465239
0.468981
0.47019
0.478786
0.488418
0.47861
0.464227
0.470244
0.471404
0.466084
0.466651
0.468791
0.482833
0.474362
0.467196
0.467607
0.467967
0.471449
0.466618
0.468916
0.466628
0.465628
0.472035
0.468558
0.472957
0.470089
0.462598
0.469991
0.47299
0.471333
0.481306
0.486706
0.470654
0.476599
0.466479
0.475909
0.46674
0.482551
0.470308
0.462985
0.468455
0.472554
0.468246
0.46703
0.467277
0.468224
0.474454
0.467865
0.473397
0.478996
0.46773
0.467618
0.476323
0.462424
0.462984
0.467782
0.465871
0.480188
0.470184
0.471045
0.463781
0.469428
0.47041
0.471444
0.477215
0.463875
0.474886
0.462517
0.465485
0.477921
0.462373
0.465352
0.479306
0.463651
0.478354
0.465562
0.478039
0.472774
0.475835
0.461133
0.463218
0.477611
0.470916
0.466696
0.471316
0.472755
0.473429
0.470358
0.472919
0.467949
0.465065
0.469366
0.466492
0.473279
0.474422
0.466238
0.466633
0.466816
0.465188
0.466531
0.475552
0.464024
0.464903
0.462785
0.465026
0.460548
0.474119
0.472373
0.468002
0.465163
0.46714
0.465874
0.462722
0.466416
0.464381
0.468901
0.487015
0.477211
0.472182
0.468496
0.473624
0.472271
0.472478
0.472734
0.466499
0.466636
0.472254
0.471146
0.476549
0.461904
0.463636
0.469609
0.472928
0.469995
0.461804
0.468235
0.474396
0.487686
0.487226
0.484657
0.476691
0.468518
0.474923
0.465797
0.473257
0.472111
0.468458
0.470662
0.473031
0.469365
0.477701
0.469654
0.462294
0.466851
0.467589
0.464529
0.467125
0.471354
0.478158
0.469199
0.473982
0.476925
0.469533
0.47155
0.471142
0.468817
0.464845
0.468979
0.465132
0.467512
0.463639
0.477015
0.465206
0.476495
0.468063
0.480156
0.479664
0.476078
0.468729
0.471859
0.466337
0.468801
0.468904
0.473367
0.466241
0.469634
0.476103
0.463798
0.470755
0.474111
0.466391
0.460578
0.475819
0.464056
0.467351
0.465172
0.465473
0.46442
0.46749
0.47422
0.465676
0.485223
0.472497
0.467607
0.476791
0.467712
0.472804
0.463277
0.461545
0.462977
0.470468
0.466105
0.468797
0.469862
0.474653
0.464747
0.47149
0.470712
0.468071
0.473678
0.473805
0.468067
0.463915
0.47014
0.484239
0.463993
0.471656
0.461443
0.47035
0.470517
0.478941
0.46748
0.474433
0.473332
0.476762
0.466469
0.472049
0.474526
0.470086
0.47058
0.465891
0.467968
0.476127
0.476433
0.471649
0.47364
0.463726
0.477101
0.473889
0.468776
0.468146
0.47782
0.470227
0.469774
0.481485
0.473625
0.473326
0.47082
0.474743
0.464923
0.472669
0.472077
0.464041
0.480604
0.480565
0.482388
0.473389
0.470708
0.46481
0.465035
0.462881
0.470702
0.472375
0.474831
0.469172
0.475419
0.462853
0.469031
0.474316
0.46773
0.468313
0.477897
0.468944
0.467501
0.470064
0.473672
0.471281
0.471947
0.469594
0.464124
0.469938
0.469249
0.466308
0.461727
0.474937
0.465178
0.47323
0.469702
0.474623
0.476304
0.465469
0.467556
0.463021
0.479605
0.473603
0.470376
0.465543
0.469118
0.472923
0.464207
0.463126
0.474063
0.482403
0.474378
0.472784
0.472797
0.4676
0.476136
0.467097
0.468007
0.468202
0.468886
0.467658
0.469481
0.471007
0.46895
0.466799
0.46643
0.465579
0.467602
0.467017
0.466154
0.472363
0.463906
0.4681
0.475766
0.464819
0.474385
0.481091
0.488549
0.48984
0.476972
0.460623
0.472022
0.471595
0.469709
0.491145
0.485358
0.477359
0.468609
0.46776
0.466848
0.468762
0.472521
0.462485
0.47224
0.466513
0.46774
0.472721
0.470366
0.473927
0.461605
0.471736
0.467179
0.478398
0.46372
0.466786
0.469883
0.472876
0.469982
0.463023
0.472426
0.466436
0.47209
0.463952
0.462692
0.472271
0.469126
0.470919
0.473895
0.469912
0.473548
0.472523
0.469933
0.476256
0.464844
0.469138
0.474759
0.461371
0.483826
0.475071
0.466457
0.473465
0.467754
0.4681
0.46538
0.472957
0.465295
0.469687
0.462566
0.465822
0.467157
0.4694
0.470488
0.464601
0.465432
0.467193
0.475111
0.466193
0.470918
0.494039
0.484282
0.46587
0.466665
0.469067
0.467994
0.464044
0.467049
0.473369
0.470758
0.472743
0.473586
0.469314
0.478222
0.472437
0.474965
0.466347
0.47105
0.46022
0.45984
0.466057
0.467262
0.463799
0.478438
0.471963
0.475411
0.472516
0.470238
0.47312
0.474092
0.47534
0.472248
0.46786
0.45508
0.461201
0.450983
0.464535
0.457869
0.461911
0.458258
0.469799
0.463473
0.460082
0.464327
0.458586
0.452818
0.468288
0.453721
0.452971
0.459659
0.453851
0.456417
0.455974
0.460088
0.466854
0.466698
0.45595
0.459765
0.459518
0.462065
0.457684
0.461006
0.459
0.457928
0.452555
0.46212
0.462654
0.455784
0.454441
0.459169
0.456051
0.462482
0.463645
0.464439
0.456285
0.466668
0.460677
0.459421
0.467018
0.469599
0.461596
0.457287
0.45856
0.454747
0.469335
0.459479
0.453478
0.473423
0.458872
0.461289
0.451748
0.459356
0.458521
0.455848
0.459668
0.458167
0.452782
0.458133
0.451324
0.462471
0.461744
0.45749
0.459428
0.462152
0.462721
0.458946
0.467931
0.459577
0.460377
0.455011
0.465456
0.460369
0.454228
0.461048
0.453891
0.448771
0.465821
0.452918
0.462843
0.454496
0.479263
0.477324
0.460656
0.45728
0.45806
0.456626
0.453521
0.452137
0.456333
0.46198
0.456834
0.462473
0.454637
0.46996
0.461107
0.458377
0.46185
0.456314
0.454855
0.464097
0.460613
0.466117
0.467699
0.465683
0.467379
0.461288
0.469845
0.461645
0.457328
0.460966
0.456432
0.455037
0.457136
0.469912
0.457439
0.461803
0.457328
0.457386
0.453609
0.449811
0.458267
0.456283
0.465802
0.461971
0.460472
0.464949
0.456148
0.462784
0.459931
0.463393
0.456831
0.456831
0.46413
0.44993
0.467676
0.466857
0.469316
0.456213
0.461058
0.459421
0.463831
0.46111
0.459849
0.460047
0.458058
0.461247
0.454498
0.463366
0.4498
0.457468
0.462569
0.454059
0.451944
0.456804
0.451526
0.45344
0.455073
0.472069
0.467113
0.458676
0.461253
0.451754
0.454238
0.458414
0.463053
0.462182
0.459547
0.459339
0.459985
0.457092
0.462476
0.458628
0.453512
0.45672
0.460217
0.477831
0.473323
0.464106
0.46105
0.461203
0.463501
0.458135
0.477355
0.461731
0.456798
0.455672
0.45935
0.473994
0.459453
0.463782
0.4586
0.458597
0.459156
0.465396
0.461143
0.459476
0.460066
0.458999
0.458692
0.461524
0.465166
0.458374
0.46076
0.454857
0.466251
0.467556
0.469575
0.458451
0.46574
0.455886
0.458202
0.459803
0.463976
0.462207
0.455385
0.456019
0.464269
0.459369
0.454999
0.457804
0.460011
0.463485
0.457373
0.456238
0.465405
0.452974
0.457307
0.461057
0.451219
0.4577
0.456745
