2913.16
0.688941
0.676067
0.671632
0.66763
0.668732
0.667159
0.669585
0.673803
0.69364
0.685048
0.689358
0.676889
0.672366
0.672187
0.667919
0.67883
0.671532
0.674467
0.675252
0.671653
0.666041
0.676664
0.672606
0.686553
0.675291
0.668756
0.670347
0.674954
0.673558
0.676731
0.670003
0.671233
0.668392
0.670051
0.66924
0.66859
0.673054
0.669717
0.681063
0.67129
0.674617
0.667701
0.675348
0.674145
0.667089
0.67094
0.673068
0.668315
0.671649
0.67553
0.672881
0.667898
0.668433
0.673223
0.670596
0.671241
0.665975
0.668755
0.670093
0.673429
0.666539
0.674515
0.6673
0.664569
0.67144
0.665989
0.666128
0.671945
0.666628
0.674488
0.67532
0.666589
0.667674
0.673399
0.68249
0.667321
0.666889
0.66905
0.672017
0.67165
0.675516
0.672542
0.67309
0.672973
0.673658
0.673267
0.679452
0.665101
0.665206
0.667529
0.671638
0.669764
0.687494
0.667045
0.668701
0.664385
0.669145
0.673708
0.671264
0.675486
0.671147
0.678175
0.673282
0.67921
0.668297
0.675305
0.673802
0.674137
0.675834
0.670445
0.679497
0.682797
0.671775
0.669353
0.669385
0.669668
0.683598
0.672847
0.662935
0.677824
0.671006
0.672536
0.67448
0.682886
0.665048
0.673291
0.673305
0.677747
0.674847
0.675276
0.677281
0.669569
0.670277
0.678126
0.667198
0.668902
0.67844
0.669033
0.667947
0.670298
0.672365
0.681225
0.670925
0.675843
0.682457
0.675114
0.674212
0.676174
0.677028
0.682063
0.667731
0.685177
0.683508
0.691743
0.674612
0.668353
0.671882
0.670335
0.677051
0.681684
0.669819
0.678671
0.672226
0.677068
0.674495
0.667346
0.677745
0.674095
0.668047
0.668064
0.684244
0.679455
0.667354
0.668507
0.689405
0.680418
0.67348
0.66884
0.673174
0.677562
0.670065
0.681737
0.674403
0.672105
0.66965
0.669252
0.662634
0.681395
0.687349
0.672585
0.665417
0.669105
0.674767
0.671465
0.671323
0.675802
0.667996
0.684624
0.683059
0.675762
0.68196
0.674489
0.680638
0.665871
0.678462
0.672569
0.679855
0.67686
0.672489
0.68004
0.672232
0.666843
0.670535
0.672246
0.669688
0.679478
0.668496
0.673197
0.669233
0.682574
0.677382
0.672884
0.678637
0.671616
0.674798
0.669781
0.667641
0.667404
0.677546
0.667194
0.674112
0.674909
0.67712
0.666954
0.674181
0.678119
0.676563
0.665408
0.68695
0.66885
0.669281
0.662772
0.672573
0.688058
0.673079
0.67938
0.6732
0.678368
0.667602
0.677144
0.669545
0.673652
0.678232
0.676546
0.673354
0.669996
0.677509
0.671127
0.666591
0.669497
0.670551
0.688433
0.666253
0.676938
0.668928
0.675596
0.682983
0.678243
0.673719
0.665855
0.674865
0.680374
0.668774
0.680906
0.672856
0.684685
0.674212
0.671353
0.679991
0.672102
0.672916
0.68576
0.678434
0.678422
0.682055
0.673336
0.673571
0.673922
0.671706
0.669123
0.683383
0.67799
0.666138
0.674219
0.670768
0.669464
0.668357
0.676084
0.675584
0.672497
0.675509
0.672326
0.67676
0.67493
0.669076
0.676926
0.672572
0.675615
0.684503
0.675744
0.67319
0.678034
0.675762
0.67841
0.665665
0.662603
0.673006
0.673127
0.679669
0.674743
0.677913
0.672919
0.669197
0.679577
0.677945
0.67239
0.671572
0.67058
0.668808
0.66827
0.676559
0.668311
0.666805
0.666657
0.667875
0.679144
0.694269
0.680289
0.669125
0.683696
0.688932
0.67732
0.678783
0.670363
0.679617
0.673253
0.679834
0.668243
0.680852
0.686249
0.675174
0.67191
0.683497
0.669562
0.673511
0.668277
0.669318
0.671259
0.66971
0.663583
0.6716
0.673498
0.669176
0.681225
0.672497
0.668081
0.671814
0.678659
0.674911
0.68535
0.686769
0.669095
0.671626
0.667617
0.673252
0.670356
0.67089
0.6762
0.671235
0.677635
0.668099
0.675158
0.678186
0.676267
0.670383
0.671187
0.673392
0.673272
0.673409
0.670425
0.665939
0.669069
0.666447
0.666872
0.668974
0.668098
0.671681
0.669026
0.673874
0.667958
0.681468
0.679411
0.677802
0.678947
0.664744
0.670942
0.675703
0.671599
0.679498
0.689247
0.671828
0.669145
0.669507
0.680735
0.6701
0.682074
0.672522
0.685448
0.683311
0.670525
0.675924
0.668247
0.675499
0.67418
0.671637
0.679031
0.672222
0.672135
0.677248
0.670804
0.671781
0.669581
0.677126
0.669482
0.680272
0.67361
0.675243
0.668496
0.684001
0.690989
0.673003
0.67979
0.674566
0.665325
0.669707
0.675536
0.695615
0.683226
0.68643
0.684673
0.683782
0.686832
0.684678
0.684288
0.686046
0.684046
0.684439
0.685687
0.684223
0.6837
0.686051
0.685743
0.672647
0.663474
0.668493
0.657204
0.656927
0.659834
0.658751
0.65551
0.65841
0.668855
0.662405
0.657531
0.662653
0.658989
0.657445
0.664695
0.656611
0.657883
0.670412
0.661154
0.671639
0.658381
0.675671
0.670723
0.659576
0.663216
0.666063
0.660681
0.664361
0.660014
0.680331
0.661853
0.656762
0.664237
0.671052
0.659912
0.661983
0.657671
0.6755
0.667757
0.659663
0.666422
0.658754
0.668524
0.662954
0.668992
0.661907
0.657795
0.655283
0.661593
0.657537
0.65571
0.657259
0.65644
0.66952
0.662991
0.659799
0.662888
0.657954
0.659914
0.65822
0.674172
0.659865
0.661253
0.664784
0.66152
0.666603
0.66309
0.655449
0.667876
0.66592
0.665617
0.662623
0.661934
0.668592
0.667822
0.662893
0.666686
0.65953
0.670799
0.664458
0.664471
0.662552
0.657687
0.665353
0.66655
0.6601
0.660811
0.653925
0.673114
0.667266
0.665215
0.65525
0.665042
0.672372
0.665007
0.660496
0.657923
0.662737
0.667844
0.674469
0.674742
0.658596
0.666234
0.666415
0.663691
0.666301
0.66859
0.66284
0.658386
0.666866
0.655842
0.669355
0.665816
0.652753
0.658776
0.660132
0.660334
0.658884
0.658828
0.655712
0.65966
0.654511
0.656694
0.658022
0.665592
0.660268
0.662904
0.668175
0.660174
0.656397
0.67513
0.65786
0.668787
0.666061
0.660292
0.659509
0.665568
0.660078
0.661922
0.68227
0.669799
0.669287
0.65966
0.661411
0.666233
0.657129
0.661055
0.663678
0.655433
0.66711
0.665108
0.657061
0.659616
0.657391
0.66518
0.661484
0.676676
0.659727
0.669657
0.660046
0.658288
0.664207
0.664112
0.663488
0.661957
0.665217
0.663935
0.673911
0.664198
0.66577
0.66196
0.661186
0.657136
0.656968
0.667395
0.669099
0.662928
0.660362
0.660535
0.663875
0.662567
0.662687
0.651938
0.662505
0.656326
0.662508
0.669411
0.656427
0.668414
0.663773
0.665237
0.667254
0.662648
0.668065
0.664966
0.666064
0.663847
0.657434
0.657605
0.663409
0.656457
0.671463
0.656112
0.668426
0.663389
0.670053
0.66245
0.663108
0.659675
0.666897
0.659147
0.662118
0.667164
0.653722
0.659198
0.658198
0.656946
0.657788
0.663919
0.664611
0.658916
0.664774
0.658143
0.656086
0.65762
0.657856
0.658567
0.662258
0.669484
0.678038
0.666454
0.663274
0.669841
0.664634
0.673687
0.677425
0.669067
0.663474
0.672527
0.668009
0.665213
0.65882
0.660308
0.662
0.660847
0.666083
0.666512
0.656321
0.665581
0.668384
0.657561
0.674687
0.663626
0.658484
0.657479
0.660537
0.66959
0.662408
0.675633
0.661047
0.669393
0.663452
0.665727
0.658691
0.653938
0.666818
0.661163
0.661368
0.653476
0.670278
0.668692
0.658024
0.667982
0.662829
0.661961
0.662047
0.664021
0.662722
0.663556
0.664184
0.661803
0.65932
0.658463
0.659056
0.658152
0.659326
0.661464
0.676912
0.666865
0.66363
0.66237
0.66355
0.662314
0.672529
0.671034
0.660786
0.65967
0.670676
0.662174
0.689893
0.675418
0.664214
0.659434
0.66121
0.659176
0.667758
0.664671
0.661423
0.656932
0.668638
0.664823
0.668741
0.663129
0.65988
0.658143
0.664331
0.665451
0.671299
0.674947
0.655905
0.658446
0.658348
0.658378
0.659397
0.661853
0.656736
0.667934
0.662468
0.666811
0.661905
0.66252
0.657581
0.661479
0.660278
0.664138
0.666596
0.684038
0.668549
0.6612
0.673194
0.661153
0.661357
0.663068
0.662989
0.667191
0.658661
0.660948
0.66041
0.669569
0.657798
0.659259
0.65926
0.663094
0.661622
0.67677
0.676131
0.658504
0.662375
0.662525
0.662926
0.668717
0.665811
0.664647
0.659898
0.661796
0.658298
0.659731
0.666115
0.664611
0.689031
0.671708
0.667457
0.663391
0.663558
0.665536
0.655269
0.669366
0.659292
0.663236
0.659609
0.659986
0.666834
0.663963
0.669282
0.667248
0.667169
0.657614
0.664016
0.662884
0.654333
0.673231
0.670256
0.673053
0.664333
0.65553
0.663587
0.663388
0.655819
0.666462
0.662509
0.674346
0.670147
0.663102
0.659715
0.66697
0.658067
0.654455
0.658244
0.664291
0.663281
0.664963
0.657526
0.66045
0.661824
0.659538
0.667654
0.660806
0.671032
0.664921
0.664912
0.663316
0.664225
0.660769
0.662068
0.665651
0.664259
0.66204
0.662231
0.662738
0.667603
0.662069
0.653139
0.663003
0.658408
0.658513
0.662227
0.662575
0.659977
0.658292
0.655512
0.658015
0.661775
0.670316
0.669132
0.661803
0.662075
0.654117
0.66045
0.668829
0.660537
0.657734
0.661088
0.668063
0.66282
0.660166
0.66137
0.667931
0.662495
0.6606
0.660756
0.657121
0.666348
0.665173
0.673745
0.661781
0.660555
0.658612
0.674479
0.662543
0.667101
0.657683
0.666355
0.663259
0.668987
0.659027
0.667805
0.666573
0.668505
0.657048
0.662514
0.657724
0.674349
0.655342
0.657376
0.667776
0.658412
0.660925
0.655408
0.664234
0.669992
0.655066
0.674564
0.665138
0.656466
0.660853
0.661079
0.659109
0.660898
0.658079
0.664402
0.675563
0.668637
0.665862
0.65775
0.656622
0.661986
0.664394
0.679829
0.681857
0.670988
0.658242
0.659303
0.674761
0.681833
0.669045
0.665767
0.657226
0.660328
0.659582
0.663017
0.658331
0.667194
0.674211
0.664339
0.666844
0.656006
0.668119
0.658813
0.665619
0.674163
0.65972
0.664511
0.665854
0.666203
0.662141
0.660832
0.660143
0.659484
0.666399
0.658703
0.662282
0.673618
0.656877
0.660779
0.661157
0.660069
0.660468
0.661537
0.660607
0.655666
0.665785
0.68343
0.67578
0.661124
0.662271
0.6555
0.670247
0.658756
0.667078
0.658886
0.667389
0.674338
0.67248
0.662324
0.664414
0.659155
0.656882
0.662049
0.662706
0.659662
0.663823
0.663541
0.673043
0.675673
0.676135
0.673723
0.673278
0.669878
0.660033
0.662645
0.657444
0.663227
0.652091
0.653259
0.658331
0.647489
0.648861
0.650594
0.641711
0.650501
0.650699
0.650946
0.655042
0.655705
0.654734
0.650399
0.649501
0.65003
0.650508
0.648644
0.649619
0.651648
0.662121
0.666878
0.659271
0.65139
0.649221
0.649511
0.648087
0.644877
0.653382
0.648085
0.646954
0.656002
0.650236
0.658122
0.649798
0.663054
0.669463
0.653274
0.652124
0.647975
0.65249
0.660643
0.646438
0.646964
0.653931
0.666496
0.648647
0.650833
0.651945
0.657059
0.649987
0.654211
0.652585
0.653706
0.649988
0.649482
0.650596
0.647642
0.65414
0.652603
0.648572
0.650632
0.646039
0.655616
0.649231
0.64677
0.647834
0.648067
0.65246
0.646965
0.646803
0.646682
0.646528
0.651602
0.643366
0.66429
0.667613
0.655746
0.645686
0.650471
0.645431
0.648996
0.652124
0.655488
0.651178
0.653948
0.651584
0.658485
0.656038
0.64585
0.650086
0.649895
0.652768
0.659403
0.653921
0.651914
0.648843
0.659458
0.653526
0.657513
0.65979
0.658753
0.670055
0.659579
0.662597
0.653692
0.64639
0.656289
0.651384
0.654422
0.647249
0.648515
0.65303
0.655552
0.651526
0.650732
0.659036
0.654015
0.658144
0.64847
0.651292
0.648334
0.65244
0.647567
0.646175
0.648085
0.650903
0.658456
0.673757
0.659709
0.648974
0.649439
0.652485
0.665985
0.65343
0.650499
0.651105
0.651948
0.646208
0.649424
0.650185
0.646494
0.650231
0.651616
0.647403
0.659204
0.645918
0.64857
0.647131
0.653741
0.660637
0.65732
0.653899
0.650833
0.657193
0.648137
0.653632
0.651336
0.652461
0.652093
0.654171
0.651344
0.658005
0.64579
0.649296
0.651064
0.652457
0.665265
0.670722
0.662671
0.648172
0.652408
0.653967
0.648364
0.649166
0.651405
0.665364
0.656784
0.649556
0.650012
0.651294
0.653623
0.650136
0.651201
0.648672
0.64812
0.655318
0.650613
0.656995
0.652691
0.644889
0.651998
0.654683
0.653424
0.663801
0.670523
0.65284
0.658721
0.648511
0.658305
0.650368
0.664647
0.65227
0.646682
0.651201
0.655326
0.651373
0.648924
0.65086
0.650212
0.657054
0.650881
0.655602
0.661073
0.649899
0.649524
0.659085
0.644828
0.646844
0.649825
0.648165
0.66275
0.652323
0.653588
0.646209
0.651297
0.652624
0.653444
0.659336
0.646286
0.658527
0.644896
0.647802
0.660098
0.644575
0.647415
0.661534
0.64582
0.661923
0.649531
0.660062
0.655469
0.658515
0.643528
0.645575
0.659942
0.653337
0.649223
0.653239
0.654887
0.655707
0.654116
0.655029
0.650539
0.64728
0.652553
0.64837
0.655887
0.656381
0.649218
0.64929
0.649345
0.64738
0.65006
0.65762
0.647572
0.647338
0.646572
0.647322
0.643064
0.656798
0.655042
0.650074
0.647316
0.649569
0.649825
0.645173
0.648397
0.646895
0.651027
0.669225
0.661553
0.654213
0.650511
0.657026
0.654422
0.654755
0.656364
0.648526
0.648681
0.654243
0.653684
0.660229
0.644432
0.647026
0.651558
0.656111
0.652689
0.644046
0.651156
0.656702
0.671296
0.669291
0.667165
0.658593
0.650857
0.656668
0.648203
0.655417
0.656103
0.650266
0.653715
0.655324
0.651823
0.660019
0.653359
0.645832
0.649121
0.650408
0.6468
0.649253
0.65325
0.661602
0.652986
0.65612
0.659385
0.651532
0.653972
0.653398
0.651181
0.646807
0.651389
0.647293
0.650645
0.646015
0.659478
0.647382
0.659348
0.650334
0.662592
0.661767
0.659488
0.651434
0.653901
0.648971
0.651066
0.651103
0.655277
0.648419
0.651594
0.658307
0.646129
0.652746
0.656248
0.648971
0.64265
0.658074
0.645941
0.649519
0.647086
0.647736
0.646368
0.649505
0.65671
0.647847
0.669792
0.654698
0.649691
0.658773
0.649836
0.65547
0.645599
0.645423
0.645135
0.654158
0.648172
0.651186
0.6521
0.657779
0.646806
0.655146
0.653296
0.650155
0.655667
0.656085
0.650299
0.646245
0.65192
0.670456
0.64801
0.654738
0.643691
0.652847
0.653084
0.661538
0.650315
0.657223
0.655636
0.659003
0.648673
0.655769
0.658049
0.652518
0.653403
0.648462
0.650343
0.658192
0.659346
0.6536
0.656109
0.646693
0.660523
0.65668
0.651163
0.651267
0.660009
0.652726
0.651728
0.663402
0.655968
0.655994
0.65296
0.658387
0.647466
0.65521
0.654109
0.646205
0.662682
0.662806
0.664446
0.656129
0.652999
0.647166
0.647611
0.645273
0.653167
0.654815
0.658861
0.651029
0.659942
0.645075
0.651203
0.656384
0.650046
0.65091
0.659926
0.651079
0.649804
0.652097
0.657456
0.653384
0.655593
0.651892
0.646614
0.65207
0.651497
0.648603
0.644709
0.656974
0.647974
0.655608
0.651867
0.657042
0.658433
0.649142
0.649805
0.64525
0.663306
0.655712
0.652468
0.647828
0.651595
0.655562
0.646889
0.645175
0.656376
0.665556
0.658286
0.654835
0.654816
0.64978
0.659904
0.649273
0.650788
0.650418
0.651941
0.650321
0.651848
0.653184
0.651133
0.648797
0.648961
0.647688
0.650511
0.650852
0.649246
0.655507
0.647516
0.650387
0.659549
0.64709
0.657651
0.663305
0.670796
0.67281
0.6592
0.642552
0.654442
0.653733
0.65221
0.674666
0.667692
0.66028
0.650578
0.649907
0.64862
0.650798
0.654881
0.646102
0.654435
0.648567
0.65074
0.655377
0.654182
0.655918
0.644178
0.653915
0.649437
0.660337
0.646243
0.649173
0.652385
0.65513
0.65226
0.647136
0.656196
0.650219
0.655407
0.646464
0.64481
0.654325
0.651822
0.653092
0.657485
0.65365
0.657168
0.654566
0.653627
0.658671
0.646984
0.651255
0.656817
0.643714
0.665994
0.659543
0.648674
0.65557
0.649895
0.650674
0.649307
0.654779
0.64796
0.65168
0.644477
0.647985
0.64947
0.653008
0.652776
0.647125
0.647362
0.64974
0.657225
0.649194
0.65352
0.677149
0.666114
0.647882
0.650215
0.650908
0.651838
0.64604
0.649159
0.655612
0.652963
0.65472
0.65577
0.651248
0.660466
0.654409
0.657219
0.648379
0.653355
0.642626
0.642049
0.648206
0.649195
0.645959
0.660581
0.654111
0.658196
0.654514
0.652423
0.655785
0.6562
0.657484
0.654355
0.650203
0.63729
0.643699
0.633526
0.647207
0.640019
0.644248
0.641852
0.651848
0.645478
0.643396
0.646618
0.64136
0.636462
0.650539
0.635934
0.636632
0.642393
0.637561
0.638982
0.638123
0.642514
0.650584
0.649138
0.638041
0.641574
0.64167
0.644603
0.639865
0.644782
0.6411
0.64
0.635547
0.644082
0.644883
0.638127
0.637148
0.641734
0.638412
0.644763
0.646026
0.647188
0.638455
0.649251
0.642874
0.641606
0.649552
0.651803
0.643547
0.640301
0.641023
0.637044
0.65198
0.641984
0.63584
0.65591
0.642695
0.643589
0.63391
0.641817
0.641291
0.639898
0.641665
0.641261
0.635381
0.641756
0.633223
0.644907
0.644207
0.639733
0.641434
0.644161
0.644959
0.641003
0.650316
0.641366
0.642524
0.638812
0.648524
0.643419
0.636262
0.643595
0.636477
0.631017
0.648819
0.635011
0.644938
0.636789
0.662938
0.659548
0.642799
0.64061
0.64038
0.638706
0.635606
0.634684
0.638255
0.644227
0.639667
0.644649
0.637192
0.652138
0.643375
0.640922
0.644133
0.638573
0.637106
0.64617
0.642935
0.648371
0.65109
0.649703
0.651451
0.643784
0.652591
0.644641
0.639833
0.644563
0.638851
0.63763
0.639226
0.652363
0.639315
0.644033
0.639527
0.641273
0.63611
0.632321
0.640507
0.639118
0.648145
0.644272
0.642513
0.647065
0.639583
0.644775
0.642609
0.645203
0.639285
0.638832
0.646387
0.633085
0.649796
0.650653
0.651608
0.638634
0.643514
0.641411
0.646253
0.643324
0.643779
0.642217
0.640082
0.643555
0.636668
0.645617
0.631672
0.640438
0.645604
0.636158
0.633975
0.638863
0.633952
0.635432
0.637241
0.65422
0.651368
0.640867
0.64345
0.633891
0.636376
0.640664
0.645073
0.644361
0.64304
0.643369
0.64217
0.640435
0.644883
0.642172
0.636013
0.63873
0.642251
0.659988
0.655295
0.646244
0.644816
0.643101
0.645779
0.640435
0.659574
0.644806
0.638924
0.638143
0.641353
0.657629
0.641615
0.647473
0.640937
0.641332
0.641168
0.649028
0.64481
0.641654
0.642623
0.641244
0.64254
0.64366
0.647282
0.641569
0.643085
0.638101
0.648626
0.649782
0.65159
0.640711
0.648699
0.638338
0.640349
0.642244
0.646141
0.645533
0.637735
0.63844
0.647792
0.642363
0.637383
0.640288
0.642725
0.646203
0.640103
0.639118
0.647723
0.635334
0.639674
0.645033
0.633432
0.640613
0.639414
