0.162828
0.15752
0.15258
0.147943
0.143562
0.139399
0.135425
0.131618
0.12796
0.124437
0.121037
0.117751
0.114571
0.111492
0.108507
0.105611
0.102828
0.100265
0.0977509
0.0952873
0.092875
0.0905146
0.0882093
0.086154
0.0841193
0.0821087
0.0801253
0.0782118
-0.0768789
-0.0757017
-0.0745537
-0.0734341
-0.0723422
-0.0712773
-0.0702388
-0.0692261
-0.0682384
-0.0672751
-0.0663357
-0.0654195
-0.064526
-0.0636546
-0.0628047
-0.0619759
-0.0611676
-0.0603792
-0.0596103
-0.0588605
-0.0581291
-0.0574158
-0.0567201
-0.0560416
-0.0553798
-0.0547343
-0.0541047
-0.0534907
-0.0528918
-0.0523076
-0.0517378
-0.051182
-0.0506399
-0.0501111
-0.0495953
-0.0490921
-0.0486013
-0.0481226
-0.0476555
-0.0471999
-0.0467555
-0.0463219
-0.0458989
-0.0454863
-0.0450837
-0.044691
-0.0443078
-0.043934
-0.0435693
-0.0432134
-0.0428662
-0.0425274
-0.0421968
-0.0418742
-0.0415595
-0.0412523
-0.0409526
-0.0406601
-0.0403747
-0.0400961
-0.0398242
-0.0395589
-0.0392999
-0.0390472
-0.0388005
-0.0385596
-0.0383246
-0.0380951
-0.0378711
-0.0376525
-0.037439
-0.0372305
-0.0370271
-0.0368284
-0.0366344
-0.036445
-0.03626
-0.0360793
-0.0359029
-0.0357306
-0.0355624
-0.035398
-0.0352375
-0.0350807
-0.0349275
-0.0347779
-0.0346317
-0.0344888
-0.0343493
-0.0342129
-0.0340796
-0.0339494
-0.0338221
-0.0336977
-0.0335761
-0.0334572
-0.033341
-0.0332274
-0.0331163
-0.0330077
-0.0329015
-0.0327977
-0.0326961
-0.0325968
-0.0324996
-0.0324045
-0.0323115
-0.0322205
-0.0321315
-0.0320443
-0.0319591
-0.0318756
-0.0317939
-0.0317139
-0.0316356
-0.0315589
-0.0314838
-0.0314103
-0.0313383
-0.0312677
-0.0311986
-0.0311308
-0.0310645
-0.0309994
-0.0309357
-0.0308732
-0.0308119
-0.0307518
-0.0306929
-0.0306351
-0.0305784
-0.0305228
-0.0304683
-0.0304147
-0.0303622
-0.0303106
-0.03026
-0.0302103
-0.0301615
-0.0301135
-0.0300664
-0.0300201
-0.0299747
-0.02993
-0.0298861
-0.0298429
-0.0298004
-0.0297587
-0.0297176
-0.0296772
-0.0296374
-0.0295983
-0.0295598
-0.0295219
-0.0294846
-0.0294478
-0.0294117
-0.029376
-0.0293409
-0.0293062
-0.0292721
-0.0292385
-0.0292053
-0.0291726
-0.0291403
-0.0291084
-0.029077
-0.029046
-0.0290154
-0.0289852
-0.0289553
-0.0289258
-0.0288967
-0.0288679
-0.0288395
-0.0288114
-0.0287836
-0.0287561
-0.0287289
-0.028702
-0.0286754
-0.028649
-0.028623
-0.0285972
-0.028572
-0.0285483
-0.0285254
-0.0285035
-0.0284825
-0.0284626
-0.0284437
-0.0284257
-0.0284088
-0.0283927
-0.0283774
-0.028363
-0.0283494
-0.0283365
-0.0283242
-0.0283128
-0.028302
-0.0282918
-0.0282822
-0.0282732
-0.0282646
-0.0282564
-0.0282485
-0.028241
-0.0282334
-0.0282255
-0.0282175
-0.0282092
-0.0282009
-0.0281923
-0.0281836
-0.0281747
-0.0281656
-0.0281564
-0.028147
-0.0281375
-0.0281278
-0.0281179
-0.028108
-0.0280979
-0.0280876
-0.0280772
-0.0280667
-0.028056
-0.0280452
-0.0280343
-0.0280233
-0.0280121
-0.0280008
-0.0279894
-0.0279779
-0.0279663
-0.0279546
-0.0279427
-0.0279307
-0.0279187
-0.0279065
-0.0278942
-0.0278819
-0.0278694
-0.0278568
-0.0278441
-0.0278314
-0.0278185
-0.0278056
-0.0277925
-0.0277794
-0.0277662
-0.0277529
-0.0277395
-0.027726
-0.0277125
-0.0276988
-0.0276851
-0.0276713
-0.0276574
-0.0276435
-0.0276294
-0.0276153
-0.0276011
-0.0275869
-0.0275726
-0.0275582
-0.0275437
-0.0275291
-0.0275145
-0.0274999
-0.0274851
-0.0274703
-0.0274554
-0.0274405
-0.0274255
-0.0274104
-0.0273953
-0.0273801
-0.0273648
-0.0273495
-0.0273341
-0.0273187
-0.0273031
-0.0272876
-0.027272
-0.0272563
-0.0272406
-0.0272248
-0.0272089
-0.027193
-0.027177
-0.027161
-0.027145
-0.0271288
-0.0271127
-0.0270964
-0.0270801
-0.0270638
-0.0270474
-0.027031
-0.0270145
-0.0269979
-0.0269813
-0.0269647
-0.026948
-0.0269313
-0.0269145
-0.0268976
-0.0268807
-0.0268638
-0.0268468
-0.0268298
-0.0268127
-0.0267955
-0.0267784
-0.0267611
-0.0267439
-0.0267265
-0.0267092
-0.0266918
-0.0266743
-0.0266568
-0.0266392
-0.0266216
-0.026604
-0.0265863
-0.0265686
-0.0265508
-0.026533
-0.0265151
-0.0264972
-0.0264793
-0.0264613
-0.0264432
-0.0264251
-0.026407
-0.0263888
-0.0263706
-0.0263524
-0.0263341
-0.0263157
-0.0262973
-0.0262789
-0.0262604
-0.0262419
-0.0262234
-0.0262048
-0.0261861
-0.0261675
-0.0261487
-0.02613
-0.0261112
-0.0260923
-0.0260734
-0.0260545
-0.0260355
-0.0260165
-0.0259975
-0.0259784
-0.0259593
-0.0259401
-0.0259209
-0.0259016
-0.0258823
-0.025863
-0.0258436
-0.0258242
-0.0258047
-0.0257852
-0.0257657
-0.0257461
-0.0257265
-0.0257069
-0.0256872
-0.0256674
-0.0256476
-0.0256278
-0.025608
-0.0255881
-0.0255682
-0.0255482
-0.0255282
-0.0255081
-0.025488
-0.0254679
-0.0254477
-0.0254275
-0.0254073
-0.025387
-0.0253667
-0.0253463
-0.0253259
-0.0253055
-0.025285
-0.0252645
-0.0252439
-0.0252233
-0.0252027
-0.025182
-0.0251613
-0.0251406
-0.0251198
-0.025099
-0.0250781
-0.0250572
-0.0250363
-0.0250153
-0.0249943
-0.0249732
-0.0249521
-0.024931
-0.0249098
-0.0248886
-0.0248674
-0.0248461
-0.0248248
-0.0248034
-0.0247821
-0.0247606
-0.0247392
-0.0247177
-0.0246961
-0.0246746
-0.0246529
-0.0246313
-0.0246096
-0.0245879
-0.0245661
-0.0245443
-0.0245225
-0.0245006
-0.0244787
-0.0244568
-0.0244348
-0.0244128
-0.0243907
-0.0243686
-0.0243465
-0.0243243
-0.0243021
-0.0242799
-0.0242576
-0.0242353
-0.0242129
-0.0241906
-0.0241681
-0.0241457
-0.0241232
-0.0241007
-0.0240781
-0.0240555
-0.0240329
-0.0240102
-0.0239875
-0.0239648
-0.023942
-0.0239192
-0.0238963
-0.0238735
-0.0238505
-0.0238276
-0.0238046
-0.0237816
-0.0237585
-0.0237354
-0.0237123
-0.0236892
-0.023666
-0.0236427
-0.0236195
-0.0235962
-0.0235728
-0.0235495
-0.0235261
-0.0235026
-0.0234792
-0.0234556
-0.0234321
-0.0234085
-0.0233849
-0.0233613
-0.0233376
-0.0233139
-0.0232902
-0.0232664
-0.0232426
-0.0232187
-0.0231949
-0.0231709
-0.023147
-0.023123
-0.023099
-0.023075
-0.0230509
-0.0230268
-0.0230027
-0.0229785
-0.0229543
-0.02293
-0.0229058
-0.0228815
-0.0228571
-0.0228328
-0.0228084
-0.0227839
-0.0227595
-0.022735
-0.0227105
-0.0226859
-0.0226613
-0.0226367
-0.022612
-0.0225873
-0.0225626
-0.0225379
-0.0225131
-0.0224883
-0.0224635
-0.0224386
-0.0224137
-0.0223888
-0.0223638
-0.0223388
-0.0223138
-0.0222887
-0.0222636
-0.0222385
-0.0222134
-0.0221882
-0.022163
-0.0221378
-0.0221125
-0.0220872
-0.0220619
-0.0220365
-0.0220112
-0.0219858
-0.0219603
-0.0219348
-0.0219094
-0.0218838
-0.0218583
-0.0218327
-0.0218071
-0.0217814
-0.0217558
-0.0217301
-0.0217044
-0.0216786
-0.0216528
-0.021627
-0.0216012
-0.0215753
-0.0215494
-0.0215235
-0.0214976
-0.0214716
-0.0214456
-0.0214196
-0.0213935
-0.0213675
-0.0213414
-0.0213152
-0.0212891
-0.0212629
-0.0212367
-0.0212105
-0.0211842
-0.0211579
-0.0211316
-0.0211053
-0.0210789
-0.0210525
-0.0210261
-0.0209997
-0.0209732
-0.0209467
-0.0209202
-0.0208937
-0.0208671
-0.0208406
-0.020814
-0.0207873
-0.0207607
-0.020734
-0.0207073
-0.0206806
-0.0206538
-0.0206271
-0.0206003
-0.0205734
-0.0205466
-0.0205197
-0.0204929
-0.020466
-0.020439
-0.0204121
-0.0203851
-0.0203581
-0.0203311
-0.0203041
-0.020277
-0.0202499
-0.0202228
-0.0201957
-0.0201686
-0.0201414
-0.0201142
-0.020087
-0.0200598
-0.0200325
-0.0200053
-0.019978
-0.0199507
-0.0199234
-0.019896
-0.0198686
-0.0198413
-0.0198139
-0.0197864
-0.019759
-0.0197315
-0.0197041
-0.0196766
-0.0196491
-0.0196215
-0.019594
-0.0195664
-0.0195388
-0.0195112
-0.0194836
-0.019456
-0.0194283
-0.0194007
-0.019373
-0.0193453
-0.0193176
-0.0192898
-0.0192621
-0.0192343
-0.0192065
-0.0191787
-0.0191509
-0.0191231
-0.0190952
-0.0190674
-0.0190395
-0.0190116
-0.0189837
-0.0189558
-0.0189279
-0.0188999
-0.018872
-0.018844
-0.018816
-0.018788
-0.01876
-0.018732
-0.0187039
-0.0186759
-0.0186478
-0.0186197
-0.0185916
-0.0185635
-0.0185487
-0.0185294
-0.0185186
-0.0184991
-0.0184883
-0.0184687
-0.0184577
-0.018438
-0.0184269
-0.0184071
-0.0183959
-0.0183759
-0.0183647
-0.0183446
-0.0183332
-0.018313
-0.0183015
-0.0182813
-0.0182697
-0.0182493
-0.0182376
-0.0182171
-0.0182053
-0.0181846
-0.0181727
-0.018152
-0.01814
-0.0181192
-0.0181071
-0.0180862
-0.018074
-0.0180529
-0.0180407
-0.0180195
-0.0180071
-0.0179859
-0.0179734
-0.0179521
-0.0179395
-0.017918
-0.0179054
-0.0178838
-0.0178711
-0.0178495
-0.0178366
-0.0178149
-0.017802
-0.0177801
-0.0177671
-0.0177452
-0.0177321
-0.01771
-0.0176969
-0.0176748
-0.0176615
-0.0176393
-0.0176259
-0.0176036
-0.0175902
-0.0175678
-0.0175543
-0.0175318
-0.0175182
-0.0174957
-0.017482
-0.0174593
-0.0174456
-0.0174232
-0.0174094
-0.017387
-0.0173731
-0.0173507
-0.0173367
-0.0173141
-0.0173001
-0.0172775
-0.0172634
-0.0172407
-0.0172265
-0.0172037
-0.0171895
-0.0171666
-0.0171524
-0.0171294
-0.017115
-0.017092
-0.0170776
-0.0170545
-0.01704
-0.0170168
-0.0170023
-0.016979
-0.0169644
-0.016941
-0.0169264
-0.016903
-0.0168882
-0.0168647
-0.01685
-0.0168264
-0.0168115
-0.0167879
-0.016773
-0.0167493
-0.0167343
-0.0167105
-0.0166955
-0.0166716
-0.0166565
-0.0166326
-0.0166174
-0.0165934
-0.0165782
-0.0165541
-0.0165388
-0.0165147
-0.0164993
-0.0164751
-0.0164597
-0.0164354
-0.0164199
-0.0163956
-0.0163801
-0.0163557
-0.0163401
-0.0163156
-0.0162999
-0.0162754
-0.0162597
-0.0162351
-0.0162193
-0.0161947
-0.0161788
-0.0161541
-0.0161382
-0.0161135
-0.0160975
-0.0160731
-0.0160571
-0.0160326
-0.0160166
-0.015992
-0.0159759
-0.0159513
-0.0159352
-0.0159105
-0.0158943
-0.0158696
-0.0158534
-0.0158286
-0.0158123
-0.0157875
-0.0157712
-0.0157463
-0.0157299
-0.015705
-0.0156886
-0.0156636
-0.0156471
-0.0156221
-0.0156056
-0.0155805
-0.015564
-0.0155388
-0.0155222
-0.015497
-0.0154804
-0.0154551
-0.0154384
-0.0154132
-0.0153964
-0.0153711
-0.0153543
-0.0153289
-0.0153121
-0.0152866
-0.0152697
-0.0152443
-0.0152274
-0.0152019
-0.0151849
-0.0151593
-0.0151423
-0.0151167
-0.0150996
-0.015074
-0.0150569
-0.0150312
-0.015014
-0.0149883
-0.0149711
-0.0149454
-0.0149281
-0.0149023
-0.014885
-0.0148592
-0.0148418
-0.014816
-0.0147986
-0.0147727
-0.0147553
-0.0147294
-0.0147119
-0.0146862
-0.0146687
-0.0146433
-0.0146258
-0.0146003
-0.0145827
-0.0145572
-0.0145396
-0.0145141
-0.0144964
-0.0144709
-0.0144532
-0.0144276
-0.0144099
-0.0143842
-0.0143665
-0.0143408
-0.0143231
-0.0142974
-0.0142796
-0.0142538
-0.0142361
-0.0142103
-0.0141924
-0.0141666
-0.0141488
-0.0141229
-0.0141051
-0.0140792
-0.0140613
-0.0140354
-0.0140174
-0.0139915
-0.0139736
-0.0139476
-0.0139296
-0.0139036
-0.0138856
-0.0138597
-0.0138416
-0.0138156
-0.0137976
-0.0137716
-0.0137535
-0.0137275
-0.0137094
-0.0136833
-0.0136652
-0.0136391
-0.013621
-0.0135949
-0.0135767
-0.0135506
-0.0135324
-0.0135063
-0.013488
-0.0134619
-0.0134436
-0.0134175
-0.0133992
-0.013373
-0.0133547
-0.0133285
-0.0133102
-0.013284
-0.0132657
-0.0132395
-0.0132211
-0.0131949
-0.0131765
-0.0131502
-0.0131318
-0.0131056
-0.0130872
-0.0130609
-0.0130425
-0.0130162
-0.0129977
-0.0129715
-0.012953
-0.0129267
-0.0129082
-0.0128819
-0.0128634
-0.0128371
-0.0128186
-0.0127923
-0.0127737
-0.0127475
-0.0127289
-0.0127026
-0.012684
-0.0126578
-0.0126392
-0.0126129
-0.0125943
-0.0125684
-0.0125498
-0.0125239
-0.0125053
-0.0124793
-0.0124607
-0.0124348
-0.0124162
-0.0123903
-0.0123717
-0.0123458
-0.0123271
-0.0123012
-0.0122826
-0.0122567
-0.0122381
-0.0122122
-0.0121936
-0.0121677
-0.0121491
-0.0121232
-0.0121046
-0.0120787
-0.0120601
-0.0120342
-0.0120156
-0.0119898
-0.0119712
-0.0119453
-0.0119267
-0.0119009
-0.0118823
-0.0118565
-0.0118379
-0.0118121
-0.0117935
-0.0117677
-0.0117491
-0.0117234
-0.0117048
-0.011679
-0.0116604
-0.0116347
-0.0116161
-0.0115904
-0.0115718
-0.0115462
-0.0115276
-0.0115019
-0.0114834
-0.0114577
-0.0114392
-0.0114135
-0.011395
-0.0113694
-0.0113508
-0.0113253
-0.0113067
-0.0112812
-0.0112626
-0.0112371
-0.0112186
-0.0111931
-0.0111746
-0.0111491
-0.0111306
-0.0111052
-0.0110866
-0.0110612
-0.0110427
-0.0110174
-0.0109989
-0.0109735
-0.0109551
-0.0109297
-0.0109113
-0.010886
-0.0108675
-0.0108423
-0.0108239
-0.0107986
-0.0107802
-0.010755
-0.0107366
-0.0107115
-0.0106931
-0.010668
-0.0106496
-0.0106245
-0.0106061
-0.0105811
-0.0105628
-0.0105378
-0.0105194
-0.0104945
-0.0104762
-0.0104512
-0.0104329
-0.0104081
-0.0103899
-0.0103653
-0.0103471
-0.0103226
-0.0103044
-0.0102799
-0.0102617
-0.0102373
-0.0102191
-0.0101947
-0.0101766
-0.0101522
-0.0101341
-0.0101098
-0.0100917
-0.0100674
-0.0100494
-0.0100252
-0.0100071
-0.00998294
-0.00996494
-0.0099408
-0.00992283
-0.00989872
-0.00988078
-0.00985673
-0.00983881
-0.0098148
-0.00979691
-0.00977296
-0.0097551
-0.00973118
-0.00971335
-0.00968949
-0.00967169
-0.00964786
-0.00963009
-0.00960631
-0.00958856
-0.00956483
-0.00954712
-0.00952345
-0.00950576
-0.00948213
-0.00946447
-0.00944089
-0.00942327
-0.00939974
-0.00938215
-0.00935867
-0.0093411
-0.00931766
-0.00930012
-0.00927675
-0.00925925
-0.00923592
-0.00921844
-0.00919515
-0.00917771
-0.00915449
-0.00913709
-0.00911405
-0.00909668
-0.00907402
-0.00905669
-0.00903405
-0.00901676
-0.00899417
-0.00897692
-0.00895437
-0.00893716
-0.00891467
-0.00889749
-0.00887504
-0.00885791
-0.00883549
-0.0088184
-0.00879604
-0.00877899
-0.0087567
-0.00873968
-0.00871742
-0.00870044
-0.00867824
-0.0086613
-0.00863915
-0.00862224
-0.00860015
-0.00858329
-0.00856124
-0.00854442
-0.00852242
-0.00850563
-0.00848369
-0.00846694
-0.00844505
-0.00842833
-0.0084065
-0.00838982
-0.00836805
-0.00835141
-0.00832968
-0.00831308
-0.00829139
-0.00827483
-0.00825322
-0.0082367
-0.00821513
-0.00819864
-0.00817712
-0.00816067
-0.00813921
-0.0081228
-0.00810139
-0.00808502
-0.00806368
-0.00804734
-0.00802616
-0.00800986
-0.00798874
-0.00797248
-0.0079514
-0.00793519
-0.00791417
-0.007898
-0.00787702
-0.00786089
-0.00783996
-0.00782387
-0.00780302
-0.00778696
-0.00776616
-0.00775014
-0.00772938
-0.00771341
-0.00769272
-0.00767679
-0.00765615
-0.00764026
-0.00761968
-0.00760383
-0.0075833
-0.00756748
-0.00754703
-0.00753126
-0.00751085
-0.00749512
-0.00747477
-0.00745908
-0.0074388
-0.00742315
-0.00740291
-0.0073873
-0.00736714
-0.00735158
-0.00733145
-0.00731593
-0.00729588
-0.0072804
-0.0072604
-0.00724496
-0.00722503
-0.00720963
-0.00718976
-0.00717441
-0.0071546
-0.00713929
-0.00711954
-0.00710428
-0.00708459
-0.00706937
-0.00704972
-0.00703455
-0.00701498
-0.00699985
-0.00698035
-0.00696526
-0.0069458
-0.00693076
-0.00691138
-0.00689638
-0.00687706
-0.00686211
-0.00684284
-0.00682793
-0.00680873
-0.00679387
-0.00677474
-0.00675992
-0.00674086
-0.00672608
-0.00670708
-0.00669235
-0.00667341
-0.00665873
-0.00663985
-0.00662522
-0.0066064
-0.00659181
-0.00657306
-0.00655852
-0.00653985
-0.00652535
-0.00650673
-0.00649228
-0.00647373
-0.00645933
-0.00644085
-0.0064265
-0.00640807
-0.00639377
-0.00637541
-0.00636115
-0.00634286
-0.00632865
-0.00631044
-0.00629628
-0.00627811
-0.00626399
-0.00624591
-0.00623184
-0.00621382
-0.0061998
-0.00618186
-0.00616789
-0.00614999
-0.00613608
-0.00611826
-0.00610439
-0.00608663
-0.00607281
-0.00605512
-0.00604135
-0.00602372
-0.00601
-0.00599245
-0.00597878
-0.0059613
-0.00594767
-0.00593025
-0.00591668
-0.00589932
-0.0058858
-0.00586852
-0.00585504
-0.00583783
-0.0058244
-0.00580725
-0.00579388
-0.0057768
-0.00576348
-0.00574647
-0.00573319
-0.00571625
-0.00570302
-0.00568616
-0.00567298
-0.00565616
-0.00564304
-0.00562631
-0.00561324
-0.00559655
-0.00558353
-0.00556693
-0.00555396
-0.00553742
-0.0055245
-0.00550804
-0.00549517
-0.00547877
-0.00546595
-0.00544961
-0.00543684
-0.00542058
-0.00540786
-0.00539167
-0.005379
-0.00536286
-0.00535024
-0.00533419
-0.00532162
-0.00530562
-0.0052931
-0.00527719
-0.00526472
-0.00524886
-0.00523645
-0.00522065
-0.00520829
-0.00519257
-0.00518025
-0.00516459
-0.00515233
-0.00513675
-0.00512454
-0.00510901
-0.00509685
-0.00508139
-0.00506928
-0.00505389
-0.00504183
-0.00502652
-0.00501451
-0.00499926
-0.0049873
-0.00497212
-0.00496021
-0.00494509
-0.00493323
-0.00491818
-0.00490637
-0.00489139
-0.00487963
-0.00486477
-0.00485306
-0.00483826
-0.0048266
-0.00481187
-0.00480027
-0.0047856
-0.00477404
-0.00475943
-0.00474792
-0.00473339
-0.00472193
-0.00470746
-0.00469605
-0.00468165
-0.00467029
-0.00465595
-0.00464464
-0.00463037
-0.00461912
-0.00460491
-0.0045937
-0.00457956
-0.00456841
-0.00455432
-0.00454322
-0.00452921
-0.00451815
-0.0045042
-0.00449319
-0.00447929
-0.00446833
-0.00445453
-0.00444362
-0.00442985
-0.00441899
-0.00440531
-0.0043945
-0.00438085
-0.00437009
-0.00435654
-0.00434582
-0.00433232
-0.00432166
-0.00430821
-0.0042976
-0.00428422
-0.00427365
-0.00426035
-0.00424983
-0.00423658
-0.00422611
-0.0042129
-0.00420248
-0.00418935
-0.00417897
-0.00416591
-0.00415559
-0.00414258
-0.0041323
-0.00411936
-0.00410913
-0.00409626
-0.00408607
-0.00407325
-0.00406312
-0.00405037
-0.00404028
-0.00402758
-0.00401753
-0.0040049
-0.0039949
-0.00398232
-0.00397237
-0.00395986
-0.00394996
-0.00393751
-0.00392765
-0.00391526
-0.00390544
-0.00389312
-0.00388335
-0.00387107
-0.00386135
-0.00384914
-0.00383946
-0.00382732
-0.00381769
-0.00380559
-0.00379601
-0.00378398
-0.00377444
-0.00376247
-0.00375298
-0.00374106
-0.00373162
-0.00371977
-0.00371037
-0.00369858
-0.00368922
-0.00367748
-0.00366817
-0.00365647
-0.00364721
-0.0036356
-0.00362638
-0.00361481
-0.00360563
-0.00359413
-0.003585
-0.00357354
-0.00356446
-0.00355306
-0.00354402
-0.00353269
-0.00352369
-0.0035124
-0.00350345
-0.00349225
-0.00348334
-0.00347216
-0.00346329
-0.00345219
-0.00344337
-0.00343231
-0.00342354
-0.00341254
-0.00340381
-0.00339286
-0.00338416
-0.00337327
-0.00336463
-0.0033538
-0.00334519
-0.00333443
-0.00332586
-0.00331514
-0.00330662
-0.00329595
-0.00328748
-0.00327687
-0.00326844
-0.00325788
-0.00324948
-0.00323898
-0.00323063
-0.00322019
-0.00321188
-0.00320148
-0.00319321
-0.00318289
-0.00317466
-0.00316436
-0.00315617
-0.00314595
-0.00313781
-0.00312762
-0.00311952
-0.00310941
-0.00310135
-0.00309126
-0.00308324
-0.00307323
-0.00306526
-0.00305528
-0.00304734
-0.00303743
-0.00302953
-0.00301967
-0.00301182
-0.003002
-0.00299418
-0.00298444
-0.00297666
-0.00296695
-0.00295922
-0.00294955
-0.00294185
-0.00293226
-0.0029246
-0.00291504
-0.00290743
-0.00289792
-0.00289035
-0.0028809
-0.00287336
-0.00286395
-0.00285645
-0.00284709
-0.00283963
-0.00283033
-0.00282291
-0.00281366
-0.00280628
-0.00279708
-0.00278974
-0.00278058
-0.00277328
-0.00276417
-0.00275691
-0.00274785
-0.00274063
-0.00273162
-0.00272444
-0.00271547
-0.00270832
-0.0026994
-0.00269229
-0.00268342
-0.00267635
-0.00266754
-0.0026605
-0.00265172
-0.00264472
-0.00263602
-0.00262905
-0.00262038
-0.00261345
-0.00260481
-0.00259792
-0.00258934
-0.00258249
-0.00257397
-0.00256716
-0.00255866
-0.00255189
-0.00254344
-0.0025367
-0.00252831
-0.0025216
-0.00251324
-0.00250657
-0.00249828
-0.00249165
-0.00248338
-0.00247678
-0.00246857
-0.00246201
-0.00245384
-0.00244732
-0.00243918
-0.00243269
-0.00242462
-0.00241816
-0.00241012
-0.0024037
-0.00239571
-0.00238932
-0.00238138
-0.00237503
-0.00236713
-0.00236082
-0.00235294
-0.00234666
-0.00233886
-0.00233261
-0.00232484
-0.00231862
-0.00231089
-0.00230472
-0.00229703
-0.00229089
-0.00228323
-0.00227712
-0.00226953
-0.00226345
-0.00225588
-0.00224984
-0.00224232
-0.00223631
-0.00222883
-0.00222286
-0.00221543
-0.00220948
-0.0022021
-0.00219619
-0.00218883
-0.00218295
-0.00217565
-0.0021698
-0.00216253
-0.00215672
-0.00214949
-0.00214371
-0.00213653
-0.00213078
-0.00212362
-0.0021179
-0.0021108
-0.00210511
-0.00209804
-0.00209239
-0.00208536
-0.00207973
-0.00207274
-0.00206715
-0.00206021
-0.00205465
-0.00204774
-0.00204221
-0.00203535
-0.00202985
-0.00202301
-0.00201755
-0.00201075
-0.00200531
-0.00199858
-0.00199317
-0.00198645
-0.00198108
-0.0019744
-0.00196906
-0.0019624
-0.00195709
-0.0019505
-0.00194521
-0.00193864
-0.00193338
-0.00192687
-0.00192164
-0.00191515
-0.00190995
-0.0019035
-0.00189833
-0.00189192
-0.00188678
-0.00188041
-0.0018753
-0.00186894
-0.00186386
-0.00185757
-0.00185252
-0.00184624
-0.00184122
-0.001835
-0.00183001
-0.00182381
-0.00181884
-0.00181268
-0.00180774
-0.00180162
-0.00179671
-0.00179062
-0.00178574
-0.00177967
-0.00177482
-0.00176881
-0.00176398
-0.00175798
-0.00175319
-0.00174725
-0.00174248
-0.00173656
-0.00173182
-0.00172593
-0.00172122
-0.00171537
-0.00171068
-0.00170487
-0.00170021
-0.00169443
-0.0016898
-0.00168403
-0.00167943
-0.00167372
-0.00166914
-0.00166345
-0.0016589
-0.00165324
-0.00164871
-0.00164311
-0.00163861
-0.00163303
-0.00162855
-0.001623
-0.00161855
-0.00161303
-0.00160861
-0.00160311
-0.00159871
-0.00159326
-0.00158889
-0.00158348
-0.00157913
-0.00157373
-0.0015694
-0.00156404
-0.00155974
-0.00155443
-0.00155015
-0.00154485
-0.00154061
-0.00153534
-0.00153112
-0.00152588
-0.00152168
-0.00151648
-0.00151231
-0.00150714
-0.00150299
-0.00149783
-0.00149371
-0.0014886
-0.0014845
-0.00147941
-0.00147533
-0.00147029
-0.00146624
-0.00146121
-0.00145718
-0.00145218
-0.00144817
-0.00144323
-0.00143925
-0.00143431
-0.00143035
-0.00142545
-0.00142151
-0.00141661
-0.0014127
-0.00140786
-0.00140397
-0.00139916
-0.00139529
-0.00139051
-0.00138666
-0.00138189
-0.00137807
-0.00137335
-0.00136955
-0.00136483
-0.00136106
-0.00135637
-0.00135262
-0.00134796
-0.00134423
-0.00133963
-0.00133592
-0.00133132
-0.00132763
-0.00132306
-0.0013194
-0.00131484
-0.00131119
-0.00130668
-0.00130306
-0.00129858
-0.00129498
-0.00129052
-0.00128695
-0.0012825
-0.00127894
-0.00127454
-0.00127101
-0.00126661
-0.0012631
-0.00125876
-0.00125526
-0.00125093
-0.00124745
-0.00124314
-0.00123969
-0.00123541
-0.00123197
-0.00122772
-0.00122431
-0.00122008
-0.00121669
-0.00121249
-0.00120912
-0.00120494
-0.00120159
-0.00119744
-0.00119411
-0.00119001
-0.0011867
-0.00118258
-0.00117929
-0.00117522
-0.00117195
-0.00116791
-0.00116466
-0.00116064
-0.00115741
-0.00115342
-0.00115021
-0.00114622
-0.00114303
-0.00113908
-0.00113591
-0.00113197
-0.00112882
-0.00112493
-0.00112179
-0.00111791
-0.00111479
-0.00111095
-0.00110785
-0.00110401
-0.00110093
-0.00109712
-0.00109406
-0.00109027
-0.00108723
-0.00108346
-0.00108044
-0.0010767
-0.00107369
-0.00106998
-0.00106699
-0.00106329
-0.00106033
-0.00105666
-0.0010537
-0.00105006
-0.00104713
-0.00104381
-0.00104022
-0.00103731
-0.00103372
-0.00103083
-0.00102725
-0.00102437
-0.00102083
-0.00101798
-0.00101443
-0.0010116
-0.0010081
-0.00100528
-0.00100209
-0.000998651
-0.000995857
-0.000992699
-0.000989291
-0.000986522
-0.000983393
-0.000979995
-0.000977251
-0.000973852
-0.000971125
-0.000967771
-0.000965061
-0.000961999
-0.000958677
-0.000955991
-0.000952957
-0.000949667
-0.000947006
-0.000943714
-0.000941069
-0.000937799
-0.00093517
-0.000932201
-0.000928985
-0.000926379
-0.000923438
-0.000920253
-0.000917671
-0.000914757
-0.000911603
-0.000909045
-0.000906158
-0.000903034
-0.0009005
-0.00089764
-0.000894523
-0.000892012
-0.000888915
-0.000886419
-0.000883604
-0.000880537
-0.000878064
-0.000875017
-0.000872559
-0.000869787
-0.000866769
-0.000864334
-0.000861587
-0.000858599
-0.000856185
-0.000853464
-0.000850505
-0.000848114
-0.000845418
-0.000842487
-0.000840117
-0.000837447
-0.000834544
-0.000832197
-0.000829551
-0.000826677
-0.000824351
-0.00082173
-0.000818883
-0.000816579
-0.000813983
-0.000811164
-0.000808881
-0.000806309
-0.000803494
-0.000801232
-0.000798684
-0.000795919
-0.000793678
-0.000791154
-0.000788394
-0.000786173
-0.000783672
-0.000780961
-0.000778761
-0.000776285
-0.000773815
-0.000771139
-0.000768966
-0.000766521
-0.000764082
-0.000761418
-0.000759271
-0.000756856
-0.000754217
-0.000752091
-0.000749698
-0.000747085
-0.000744978
-0.000742608
-0.00074002
-0.000737933
-0.000735585
-0.000733244
-0.000730713
-0.000728651
-0.000726333
-0.000724021
-0.000721717
-0.000719204
-0.000717174
-0.000714892
-0.000712617
-0.000710136
-0.000708131
-0.000705877
-0.000703631
-0.000701182
-0.000699202
-0.000696977
-0.000694758
-0.000692341
-0.000690386
-0.000688189
-0.000685998
-0.000683613
-0.000681682
-0.000679512
-0.00067735
-0.000675193
-0.000673044
-0.000670705
-0.00066881
-0.000666681
-0.000664558
-0.000662443
-0.000660142
-0.000658276
-0.000656181
-0.000654092
-0.00065201
-0.000649934
-0.000647865
-0.000645616
-0.00064379
-0.000641741
-0.000639698
-0.000637662
-0.000635632
-0.000633608
-0.00063141
-0.000629624
-0.00062762
-0.000625623
-0.000623631
-0.000621646
-0.000619667
-0.000617694
-0.000615727
-0.000613767
-0.00061164
-0.000609909
-0.000607968
-0.000606033
-0.000604104
-0.000602176
-0.000600258
-0.000598347
-0.000596442
-0.000594543
-0.000592651
-0.000590764
-0.000588883
-0.000587009
-0.00058514
-0.000583278
-0.000581421
-0.00057957
-0.000577566
-0.000575931
-0.000574098
-0.000572272
-0.00057045
-0.000568635
-0.000566826
-0.000565022
-0.000563224
-0.000561431
-0.000559645
-0.000557864
-0.000556089
-0.000554319
-0.000552555
-0.000550797
-0.000549044
-0.000547297
-0.000545555
-0.000543819
-0.000542089
-0.000540364
-0.000538645
-0.000536931
-0.000535223
-0.00053352
-0.000531822
-0.00053013
-0.000528444
-0.000526763
-0.000525087
-0.000523417
-0.000521752
-0.000520092
-0.000518438
-0.000516789
-0.000515146
-0.000513507
-0.000511874
-0.000510247
-0.000508624
-0.000507007
-0.000505395
-0.000503788
-0.000502187
-0.00050059
-0.000498999
-0.000497413
-0.000495832
-0.000494256
-0.000492685
-0.00049112
-0.000489559
-0.000488004
-0.000486453
-0.000484908
-0.000483367
-0.000481831
-0.000480301
-0.000478775
-0.000477254
-0.000475738
-0.000474228
-0.000472722
-0.00047122
-0.000469724
-0.000468233
-0.000466746
-0.000465265
-0.000463788
-0.000462316
-0.000460848
-0.000459386
-0.000457928
-0.000456475
-0.000455026
-0.000453582
-0.000452143
-0.000450709
-0.000449279
-0.000447854
-0.000446434
-0.000445018
-0.000443607
-0.0004422
-0.000440798
-0.0004394
-0.000438007
-0.000436619
-0.000435234
-0.000433855
-0.00043248
-0.000431109
-0.000429743
-0.000428381
-0.000427024
-0.000425671
-0.000424322
-0.000422978
-0.000421638
-0.000420303
-0.000418971
-0.000417644
-0.000416322
-0.000415003
-0.000413689
-0.00041238
-0.000411074
-0.000409773
-0.000408475
-0.000407183
-0.000405894
-0.000404609
-0.000403329
-0.000402052
-0.00040078
-0.000399512
-0.000398248
-0.000396988
-0.000395732
-0.000394481
-0.000393233
-0.000391989
-0.000390749
-0.000389514
-0.000388282
-0.000387054
-0.000385831
-0.000384611
-0.000383395
-0.000382183
-0.000380975
-0.000379771
-0.00037857
-0.000377374
-0.000376182
-0.000374993
-0.000373808
-0.000372627
-0.00037145
-0.000370276
-0.000369107
-0.000367941
-0.000366778
-0.00036562
-0.000364465
-0.000363314
-0.000362167
-0.000361024
-0.000359884
-0.000358748
-0.000357615
-0.000356486
-0.000355361
-0.000354239
-0.000353121
-0.000352007
-0.000350896
-0.000349788
-0.000348685
-0.000347584
-0.000346488
-0.000345395
-0.000344305
-0.000343219
-0.000342136
-0.000341057
-0.000339981
-0.000338909
-0.00033784
-0.000336775
-0.000335713
-0.000334655
-0.0003336
-0.000332548
-0.000331499
-0.000330454
-0.000329413
-0.000328374
-0.000327339
-0.000326308
-0.000325279
-0.000324254
-0.000323233
-0.000322214
-0.000321199
-0.000320187
-0.000319178
-0.000318173
-0.000317171
-0.000316172
-0.000315176
-0.000314183
-0.000313194
-0.000312207
-0.000311224
-0.000310244
-0.000309267
-0.000308294
-0.000307323
-0.000306355
-0.000305391
-0.00030443
-0.000303472
-0.000302516
-0.000301564
-0.000300615
-0.000299669
-0.000298726
-0.000297786
-0.000296849
-0.000295915
-0.000294984
-0.000294056
-0.000293131
-0.000292209
-0.00029129
-0.000290374
-0.000289461
-0.000288551
-0.000287643
-0.000286739
-0.000285837
-0.000284938
-0.000284042
-0.00028315
-0.000282259
-0.000281372
-0.000280487
-0.000279606
-0.000278727
-0.000277851
-0.000276978
-0.000276108
-0.00027524
-0.000274375
-0.000273513
-0.000272654
-0.000271797
-0.000270943
-0.000270092
-0.000269244
-0.000268398
-0.000267555
-0.000266715
-0.000265877
-0.000265043
-0.00026421
-0.000263381
-0.000262554
-0.00026173
-0.000260908
-0.000260089
-0.000259272
-0.000258459
-0.000257647
-0.000256839
-0.000256033
-0.000255229
-0.000254428
-0.00025363
-0.000252834
-0.000252041
-0.00025125
-0.000250462
-0.000249677
-0.000248893
-0.000248113
-0.000247335
-0.000246559
-0.000245786
-0.000245015
-0.000244247
-0.000243481
-0.000242717
-0.000241957
-0.000241198
-0.000240442
-0.000239688
-0.000238937
-0.000238188
-0.000237442
-0.000236698
-0.000235956
-0.000235216
-0.000234479
-0.000233745
-0.000233013
-0.000232283
-0.000231555
-0.00023083
-0.000230107
-0.000229386
-0.000228668
-0.000227952
-0.000227238
-0.000226526
-0.000225817
-0.00022511
-0.000224405
-0.000223703
-0.000223002
-0.000222304
-0.000221609
-0.000220915
-0.000220224
-0.000219535
-0.000218848
-0.000218163
-0.00021748
-0.0002168
-0.000216122
-0.000215446
-0.000214772
-0.0002141
-0.00021343
-0.000212763
-0.000212098
-0.000211434
-0.000210773
-0.000210114
-0.000209457
-0.000208803
-0.00020815
-0.000207499
-0.000206851
-0.000206204
-0.00020556
-0.000204918
-0.000204277
-0.000203639
-0.000203003
-0.000202369
-0.000201736
-0.000201106
-0.000200478
-0.000199852
-0.000199228
-0.000198606
-0.000197985
-0.000197367
-0.000196751
-0.000196137
-0.000195524
-0.000194914
-0.000194306
-0.000193699
-0.000193095
-0.000192492
-0.000191892
-0.000191293
-0.000190696
-0.000190101
-0.000189508
-0.000188917
-0.000188328
-0.00018774
-0.000187155
-0.000186571
-0.000185989
-0.000185409
-0.000184831
-0.000184255
-0.000183681
-0.000183108
-0.000182537
-0.000181968
-0.000181401
-0.000180836
-0.000180273
-0.000179711
-0.000179151
-0.000178593
-0.000178037
-0.000177482
-0.000176929
-0.000176378
-0.000175829
-0.000175281
-0.000174736
-0.000174192
-0.000173649
-0.000173109
-0.00017257
-0.000172033
-0.000171498
-0.000170964
-0.000170432
-0.000169902
-0.000169373
-0.000168846
-0.000168321
-0.000167797
-0.000167275
-0.000166755
-0.000166237
-0.00016572
-0.000165204
-0.000164691
-0.000164179
-0.000163669
-0.00016316
-0.000162653
-0.000162147
-0.000161643
-0.000161141
-0.000160641
-0.000160141
-0.000159644
-0.000159148
-0.000158654
-0.000158161
-0.00015767
-0.00015718
-0.000156692
-0.000156206
-0.000155721
-0.000155238
-0.000154756
-0.000154276
-0.000153797
-0.00015332
-0.000152844
-0.00015237
-0.000151897
-0.000151426
-0.000150956
-0.000150488
-0.000150022
-0.000149556
-0.000149093
-0.000148631
-0.00014817
-0.000147711
-0.000147253
-0.000146796
-0.000146342
-0.000145888
-0.000145436
-0.000144986
-0.000144537
-0.000144089
-0.000143643
-0.000143198
-0.000142754
-0.000142313
-0.000141872
-0.000141433
-0.000140995
-0.000140559
-0.000140124
-0.00013969
-0.000139258
-0.000138827
-0.000138398
-0.00013797
-0.000137543
-0.000137118
-0.000136694
-0.000136271
-0.00013585
-0.00013543
-0.000135011
-0.000134594
-0.000134178
-0.000133763
-0.00013335
-0.000132938
-0.000132528
-0.000132118
-0.00013171
-0.000131304
-0.000130898
-0.000130494
-0.000130091
-0.00012969
-0.000129289
-0.00012889
-0.000128493
-0.000128096
-0.000127701
-0.000127307
-0.000126914
-0.000126523
-0.000126133
-0.000125744
-0.000125356
-0.00012497
-0.000124585
-0.000124201
-0.000123818
-0.000123436
-0.000123056
-0.000122677
-0.000122299
-0.000121923
-0.000121547
-0.000121173
-0.0001208
-0.000120428
-0.000120057
-0.000119688
-0.000119319
-0.000118952
-0.000118586
-0.000118221
-0.000117858
-0.000117495
-0.000117134
-0.000116774
-0.000116415
-0.000116057
-0.0001157
-0.000115344
-0.00011499
-0.000114637
-0.000114284
-0.000113933
-0.000113583
-0.000113235
-0.000112887
-0.00011254
-0.000112195
-0.00011185
-0.000111507
-0.000111165
-0.000110824
-0.000110484
-0.000110145
-0.000109807
-0.00010947
-0.000109135
-0.0001088
-0.000108466
-0.000108134
-0.000107802
-0.000107472
-0.000107143
-0.000106814
-0.000106487
-0.000106161
-0.000105836
-0.000105512
-0.000105189
-0.000104867
-0.000104546
-0.000104226
-0.000103907
-0.000103589
-0.000103272
-0.000102956
-0.000102641
-0.000102327
-0.000102015
-0.000101703
-0.000101392
-0.000101082
-0.000100773
-0.000100465
-0.000100158
-9.98522e-05
-9.95472e-05
-9.92432e-05
-9.89402e-05
-9.86382e-05
-9.83371e-05
-9.80369e-05
-9.77378e-05
-9.74396e-05
-9.71423e-05
-9.6846e-05
-9.65506e-05
-9.62562e-05
-9.59627e-05
-9.56702e-05
-9.53786e-05
-9.50879e-05
-9.47982e-05
-9.45094e-05
-9.42215e-05
-9.39345e-05
-9.36484e-05
-9.33633e-05
-9.30791e-05
-9.27957e-05
-9.25133e-05
-9.22318e-05
-9.19512e-05
-9.16715e-05
-9.13926e-05
-9.11147e-05
-9.08377e-05
-9.05615e-05
-9.02862e-05
-9.00118e-05
-8.97383e-05
-8.94657e-05
-8.91939e-05
-8.8923e-05
-8.8653e-05
-8.83838e-05
-8.81155e-05
-8.7848e-05
-8.75814e-05
-8.73157e-05
-8.70508e-05
-8.67867e-05
-8.65235e-05
-8.62611e-05
-8.59996e-05
-8.57389e-05
-8.5479e-05
-8.522e-05
-8.49618e-05
-8.47044e-05
-8.44479e-05
-8.41921e-05
-8.39372e-05
-8.36831e-05
-8.34298e-05
-8.31774e-05
-8.29257e-05
-8.26748e-05
-8.24248e-05
-8.21755e-05
-8.1927e-05
-8.16794e-05
-8.14325e-05
-8.11864e-05
-8.09411e-05
-8.06966e-05
-8.04528e-05
-8.02099e-05
-7.99677e-05
-7.97263e-05
-7.94856e-05
-7.92458e-05
-7.90067e-05
-7.87683e-05
-7.85308e-05
-7.8294e-05
-7.80579e-05
-7.78226e-05
-7.75881e-05
-7.73543e-05
-7.71212e-05
-7.68889e-05
-7.66573e-05
-7.64265e-05
-7.61963e-05
-7.59671e-05
-7.57385e-05
-7.55107e-05
-7.52836e-05
-7.50572e-05
-7.48316e-05
-7.46066e-05
-7.43824e-05
-7.41588e-05
-7.3936e-05
-7.37139e-05
-7.34925e-05
-7.32718e-05
-7.30518e-05
-7.28325e-05
-7.26139e-05
-7.2396e-05
-7.21788e-05
-7.19623e-05
-7.17465e-05
-7.15314e-05
-7.13169e-05
-7.11032e-05
-7.08901e-05
-7.06777e-05
-7.0466e-05
-7.0255e-05
-7.00446e-05
-6.9835e-05
-6.9626e-05
-6.94176e-05
-6.921e-05
-6.90029e-05
-6.87966e-05
-6.85909e-05
-6.83859e-05
-6.81815e-05
-6.79778e-05
-6.77747e-05
-6.75723e-05
-6.73706e-05
-6.71695e-05
-6.6969e-05
-6.67691e-05
-6.657e-05
-6.63714e-05
-6.61735e-05
-6.59762e-05
-6.57795e-05
-6.55835e-05
-6.53881e-05
-6.51933e-05
-6.49992e-05
-6.48056e-05
-6.46127e-05
-6.44204e-05
-6.42288e-05
-6.40377e-05
-6.38472e-05
-6.36574e-05
-6.34682e-05
-6.32795e-05
-6.30915e-05
-6.29041e-05
-6.27173e-05
-6.2531e-05
-6.23454e-05
-6.21604e-05
-6.19759e-05
-6.17921e-05
-6.16088e-05
-6.14261e-05
-6.1244e-05
-6.10625e-05
-6.08816e-05
-6.07012e-05
-6.05214e-05
-6.03422e-05
-6.01636e-05
-5.99855e-05
-5.98081e-05
-5.96311e-05
-5.94548e-05
-5.9279e-05
-5.91038e-05
-5.89291e-05
-5.8755e-05
-5.85814e-05
-5.84084e-05
-5.8236e-05
-5.80641e-05
-5.78928e-05
-5.7722e-05
-5.75517e-05
-5.7382e-05
-5.72129e-05
-5.70443e-05
-5.68762e-05
-5.67087e-05
-5.65417e-05
-5.63752e-05
-5.62093e-05
-5.60439e-05
-5.5879e-05
-5.57146e-05
-5.55508e-05
-5.53875e-05
-5.52247e-05
-5.50625e-05
-5.49008e-05
-5.47395e-05
-5.45788e-05
-5.44187e-05
-5.4259e-05
-5.40998e-05
-5.39412e-05
-5.3783e-05
-5.36254e-05
-5.34683e-05
-5.33116e-05
-5.31555e-05
-5.29999e-05
-5.28447e-05
-5.26901e-05
-5.2536e-05
-5.23823e-05
-5.22292e-05
-5.20765e-05
-5.19243e-05
-5.17726e-05
-5.16214e-05
-5.14707e-05
-5.13205e-05
-5.11707e-05
-5.10215e-05
-5.08727e-05
-5.07243e-05
-5.05765e-05
-5.04291e-05
-5.02822e-05
-5.01358e-05
-4.99898e-05
-4.98443e-05
-4.96993e-05
-4.95547e-05
-4.94106e-05
-4.9267e-05
-4.91238e-05
-4.89811e-05
-4.88388e-05
-4.8697e-05
-4.85557e-05
-4.84147e-05
-4.82743e-05
-4.81343e-05
-4.79947e-05
-4.78556e-05
-4.7717e-05
-4.75787e-05
-4.7441e-05
-4.73036e-05
-4.71667e-05
-4.70303e-05
-4.68943e-05
-4.67587e-05
-4.66235e-05
-4.64888e-05
-4.63545e-05
-4.62207e-05
-4.60872e-05
-4.59542e-05
-4.58217e-05
-4.56895e-05
-4.55578e-05
-4.54265e-05
-4.52956e-05
-4.51651e-05
-4.50351e-05
-4.49054e-05
-4.47762e-05
-4.46474e-05
-4.4519e-05
-4.43911e-05
-4.42635e-05
-4.41363e-05
-4.40096e-05
-4.38832e-05
-4.37573e-05
-4.36317e-05
-4.35066e-05
-4.33819e-05
-4.32575e-05
-4.31336e-05
-4.301e-05
-4.28869e-05
-4.27641e-05
-4.26418e-05
-4.25198e-05
-4.23982e-05
-4.2277e-05
-4.21562e-05
-4.20358e-05
-4.19158e-05
-4.17962e-05
-4.16767e-05
-4.15564e-05
-4.1437e-05
-4.13182e-05
-4.12e-05
-4.10824e-05
-4.09653e-05
-4.08487e-05
-4.07325e-05
-4.06167e-05
-4.05013e-05
-4.03863e-05
-4.02717e-05
-4.01574e-05
-4.00436e-05
-3.99301e-05
-3.9817e-05
-3.97042e-05
-3.95918e-05
-3.94798e-05
-3.93681e-05
-3.92567e-05
-3.91457e-05
-3.90351e-05
-3.89248e-05
-3.88149e-05
-3.87053e-05
-3.8596e-05
-3.84871e-05
-3.83785e-05
-3.82703e-05
-3.81624e-05
-3.80549e-05
-3.79477e-05
-3.78408e-05
-3.77343e-05
-3.76281e-05
-3.75223e-05
-3.74168e-05
-3.73116e-05
-3.72067e-05
-3.71022e-05
-3.6998e-05
-3.68942e-05
-3.67907e-05
-3.66875e-05
-3.65846e-05
-3.64821e-05
-3.63799e-05
-3.6278e-05
-3.61764e-05
-3.60752e-05
-3.59743e-05
-3.58737e-05
-3.57734e-05
-3.56735e-05
-3.55739e-05
-3.54746e-05
-3.53756e-05
-3.52769e-05
-3.51785e-05
-3.50805e-05
-3.49827e-05
-3.48853e-05
-3.47882e-05
-3.46914e-05
-3.45949e-05
-3.44987e-05
-3.44029e-05
-3.43073e-05
-3.4212e-05
-3.41171e-05
-3.40224e-05
-3.39281e-05
-3.3834e-05
-3.37403e-05
-3.36468e-05
-3.35537e-05
-3.34608e-05
-3.33683e-05
-3.3276e-05
-3.3184e-05
-3.30924e-05
-3.3001e-05
-3.29099e-05
-3.28194e-05
-3.27289e-05
-3.26386e-05
-3.25487e-05
-3.24591e-05
-3.23697e-05
-3.22807e-05
-3.21919e-05
-3.21034e-05
-3.20152e-05
-3.19273e-05
-3.18396e-05
-3.17522e-05
-3.16651e-05
-3.15783e-05
-3.14918e-05
-3.14055e-05
-3.13195e-05
-3.12338e-05
-3.11484e-05
-3.10632e-05
-3.09783e-05
-3.08937e-05
-3.08093e-05
-3.07253e-05
-3.06415e-05
-3.05579e-05
-3.04746e-05
-3.03916e-05
-3.03089e-05
-3.02264e-05
-3.01442e-05
-3.00623e-05
-2.99806e-05
-2.98992e-05
-2.9818e-05
-2.97371e-05
-2.96565e-05
-2.95761e-05
-2.9496e-05
-2.94161e-05
-2.93365e-05
-2.92572e-05
-2.91781e-05
-2.90992e-05
-2.90206e-05
-2.89423e-05
-2.88642e-05
-2.87864e-05
-2.87088e-05
-2.86314e-05
-2.85543e-05
-2.84775e-05
-2.84009e-05
-2.83245e-05
-2.82484e-05
-2.81725e-05
-2.80969e-05
-2.80215e-05
-2.79464e-05
-2.78715e-05
-2.77968e-05
-2.77224e-05
-2.76482e-05
-2.75743e-05
-2.75006e-05
-2.74271e-05
-2.73539e-05
-2.72809e-05
-2.72081e-05
-2.71356e-05
-2.70633e-05
-2.69912e-05
-2.69193e-05
-2.68477e-05
-2.67763e-05
-2.67052e-05
-2.66343e-05
-2.65636e-05
-2.64931e-05
-2.64228e-05
-2.63528e-05
-2.6283e-05
-2.62135e-05
-2.61441e-05
-2.6075e-05
-2.60061e-05
-2.59374e-05
-2.58689e-05
-2.58007e-05
-2.57326e-05
-2.56648e-05
-2.55972e-05
-2.55299e-05
-2.54627e-05
-2.53957e-05
-2.5329e-05
-2.52625e-05
-2.51962e-05
-2.51301e-05
-2.50642e-05
-2.49985e-05
-2.49331e-05
-2.48678e-05
-2.48028e-05
-2.4738e-05
-2.46733e-05
-2.46089e-05
-2.45447e-05
-2.44807e-05
-2.44169e-05
-2.43533e-05
-2.42899e-05
-2.42267e-05
-2.41637e-05
-2.4101e-05
-2.40384e-05
-2.3976e-05
-2.39138e-05
-2.38518e-05
-2.379e-05
-2.37284e-05
-2.3667e-05
-2.36058e-05
-2.35448e-05
-2.3484e-05
-2.34234e-05
-2.3363e-05
-2.33028e-05
-2.32428e-05
-2.31829e-05
-2.31233e-05
-2.30638e-05
-2.30046e-05
-2.29455e-05
-2.28866e-05
-2.28279e-05
-2.27694e-05
-2.27111e-05
-2.2653e-05
-2.2595e-05
-2.25372e-05
-2.24797e-05
-2.24223e-05
-2.23651e-05
-2.2308e-05
-2.22512e-05
-2.21945e-05
-2.21381e-05
-2.20818e-05
-2.20256e-05
-2.19697e-05
-2.19139e-05
-2.18584e-05
-2.1803e-05
-2.17477e-05
-2.16927e-05
-2.16378e-05
-2.15831e-05
-2.15286e-05
-2.14742e-05
-2.14201e-05
-2.13661e-05
-2.13123e-05
-2.12586e-05
-2.12051e-05
-2.11518e-05
-2.10987e-05
-2.10457e-05
-2.09929e-05
-2.09403e-05
-2.08878e-05
-2.08355e-05
-2.07834e-05
-2.07314e-05
-2.06796e-05
-2.0628e-05
-2.05765e-05
-2.05252e-05
-2.04741e-05
-2.04231e-05
-2.03723e-05
-2.03217e-05
-2.02712e-05
-2.02209e-05
-2.01707e-05
-2.01207e-05
-2.00709e-05
-2.00212e-05
-1.99717e-05
-1.99223e-05
-1.98731e-05
-1.98241e-05
-1.97752e-05
-1.97265e-05
-1.96779e-05
-1.96295e-05
-1.95812e-05
-1.95331e-05
-1.94851e-05
-1.94373e-05
-1.93897e-05
-1.93422e-05
-1.92948e-05
-1.92477e-05
-1.92006e-05
-1.91537e-05
-1.9107e-05
-1.90604e-05
-1.90139e-05
-1.89676e-05
-1.89215e-05
-1.88755e-05
-1.88297e-05
-1.8784e-05
-1.87384e-05
-1.8693e-05
-1.86477e-05
-1.86026e-05
-1.85576e-05
-1.85128e-05
-1.84681e-05
-1.84235e-05
-1.83791e-05
-1.83349e-05
-1.82908e-05
-1.82468e-05
-1.8203e-05
-1.81599e-05
-1.81198e-05
-1.80797e-05
-1.80398e-05
-1.80001e-05
-1.79604e-05
-1.79209e-05
-1.78815e-05
-1.78422e-05
-1.78032e-05
-1.77643e-05
-1.77255e-05
-1.76869e-05
-1.76483e-05
-1.76099e-05
-1.75716e-05
-1.75335e-05
-1.74954e-05
-1.74575e-05
-1.74197e-05
-1.7382e-05
-1.73444e-05
-1.7307e-05
-1.72697e-05
-1.72325e-05
-1.71954e-05
-1.71584e-05
-1.71216e-05
-1.70848e-05
-1.70482e-05
-1.70117e-05
-1.69753e-05
-1.69391e-05
-1.69029e-05
-1.68669e-05
-1.6831e-05
-1.67952e-05
-1.67595e-05
-1.67239e-05
-1.66885e-05
-1.66531e-05
-1.66179e-05
-1.65827e-05
-1.65478e-05
-1.6513e-05
-1.64783e-05
-1.64437e-05
-1.64093e-05
-1.63749e-05
-1.63407e-05
-1.63065e-05
-1.62725e-05
-1.62386e-05
-1.62048e-05
-1.61711e-05
-1.61375e-05
-1.6104e-05
-1.60707e-05
-1.60374e-05
-1.60043e-05
-1.59713e-05
-1.59384e-05
-1.59055e-05
-1.58728e-05
-1.58402e-05
-1.58077e-05
-1.57753e-05
-1.5743e-05
-1.57108e-05
-1.56787e-05
-1.56467e-05
-1.56148e-05
-1.5583e-05
-1.55514e-05
-1.55198e-05
-1.54883e-05
-1.54569e-05
-1.54256e-05
-1.53944e-05
-1.53634e-05
-1.53324e-05
-1.53015e-05
-1.52707e-05
-1.524e-05
-1.52094e-05
-1.51789e-05
-1.51485e-05
-1.51182e-05
-1.5088e-05
-1.50579e-05
-1.50279e-05
-1.4998e-05
-1.49682e-05
-1.49384e-05
-1.49088e-05
-1.48793e-05
-1.48498e-05
-1.48205e-05
-1.47912e-05
-1.47621e-05
-1.4733e-05
-1.4704e-05
-1.46751e-05
-1.46463e-05
-1.46177e-05
-1.4589e-05
-1.45605e-05
-1.45321e-05
-1.45038e-05
-1.44755e-05
-1.44474e-05
-1.44193e-05
-1.43913e-05
-1.43634e-05
-1.43356e-05
-1.43079e-05
-1.42803e-05
-1.42528e-05
-1.42253e-05
-1.4198e-05
-1.41707e-05
-1.41435e-05
-1.41164e-05
-1.40894e-05
-1.40625e-05
-1.40357e-05
-1.40089e-05
-1.39823e-05
-1.39557e-05
-1.39292e-05
-1.39028e-05
-1.38764e-05
-1.38502e-05
-1.3824e-05
-1.3798e-05
-1.3772e-05
-1.37461e-05
-1.37202e-05
-1.36945e-05
-1.36688e-05
-1.36432e-05
-1.36177e-05
-1.35923e-05
-1.3567e-05
-1.35417e-05
-1.35165e-05
-1.34915e-05
-1.34664e-05
-1.34415e-05
-1.34166e-05
-1.33919e-05
-1.33672e-05
-1.33425e-05
-1.3318e-05
-1.32935e-05
-1.32692e-05
-1.32448e-05
-1.32206e-05
-1.31965e-05
-1.31724e-05
-1.31484e-05
-1.31245e-05
-1.31006e-05
-1.30768e-05
-1.30532e-05
-1.30295e-05
-1.3006e-05
-1.29825e-05
-1.29591e-05
-1.29358e-05
-1.29126e-05
-1.28894e-05
-1.28663e-05
-1.28433e-05
-1.28203e-05
-1.27974e-05
-1.27746e-05
-1.27519e-05
-1.27292e-05
-1.27067e-05
-1.26841e-05
-1.26617e-05
-1.26393e-05
-1.2617e-05
-1.25948e-05
-1.25726e-05
-1.25505e-05
-1.25285e-05
-1.25066e-05
-1.24847e-05
-1.24629e-05
-1.24412e-05
-1.24195e-05
-1.23979e-05
-1.23764e-05
-1.23549e-05
-1.23335e-05
-1.23122e-05
-1.22909e-05
-1.22697e-05
-1.22486e-05
-1.22275e-05
-1.22065e-05
-1.21856e-05
-1.21648e-05
-1.2144e-05
-1.21233e-05
-1.21026e-05
-1.2082e-05
-1.20615e-05
-1.2041e-05
-1.20206e-05
-1.20003e-05
-1.198e-05
-1.19598e-05
-1.19397e-05
-1.19196e-05
-1.18996e-05
-1.18797e-05
-1.18598e-05
-1.184e-05
-1.18202e-05
-1.18005e-05
-1.17809e-05
-1.17613e-05
-1.17418e-05
-1.17224e-05
-1.1703e-05
-1.16837e-05
-1.16644e-05
-1.16452e-05
-1.16261e-05
-1.1607e-05
-1.1588e-05
-1.15691e-05
-1.15502e-05
-1.15313e-05
-1.15126e-05
-1.14938e-05
-1.14752e-05
-1.14566e-05
-1.14381e-05
-1.14196e-05
-1.14012e-05
-1.13828e-05
-1.13645e-05
-1.13463e-05
-1.13281e-05
-1.131e-05
-1.12919e-05
-1.12739e-05
-1.12559e-05
-1.1238e-05
-1.12202e-05
-1.12024e-05
-1.11847e-05
-1.1167e-05
-1.11494e-05
-1.11318e-05
-1.11143e-05
-1.10969e-05
-1.10795e-05
-1.10622e-05
-1.10449e-05
-1.10277e-05
-1.10105e-05
-1.09934e-05
-1.09763e-05
-1.09593e-05
-1.09424e-05
-1.09255e-05
-1.09086e-05
-1.08918e-05
-1.08751e-05
-1.08584e-05
-1.08418e-05
-1.08252e-05
-1.08087e-05
-1.07922e-05
-1.07758e-05
-1.07594e-05
-1.07431e-05
-1.07268e-05
-1.07106e-05
-1.06945e-05
-1.06784e-05
-1.06624e-05
-1.06465e-05
-1.06306e-05
-1.06147e-05
-1.05989e-05
-1.05832e-05
-1.05675e-05
-1.05519e-05
-1.05363e-05
-1.05207e-05
-1.05052e-05
-1.04897e-05
-1.04743e-05
-1.04589e-05
-1.04436e-05
-1.04283e-05
-1.04131e-05
-1.03979e-05
-1.03827e-05
-1.03676e-05
-1.03526e-05
-1.03375e-05
-1.03226e-05
-1.03076e-05
-1.02928e-05
-1.02779e-05
-1.02631e-05
-1.02484e-05
-1.02337e-05
-1.0219e-05
-1.02044e-05
-1.01899e-05
-1.01754e-05
-1.01609e-05
-1.01465e-05
-1.01321e-05
-1.01177e-05
-1.01035e-05
-1.00892e-05
-1.0075e-05
-1.00608e-05
-1.00467e-05
-1.00327e-05
-1.00186e-05
-1.00047e-05
-9.99074e-06
