-0.131004
-0.128051
-0.125348
-0.122803
-0.120371
-0.118035
-0.115785
-0.113611
-0.111506
-0.109476
-0.107517
-0.105619
-0.103775
-0.101979
-0.100231
-0.0985274
-0.0968681
-0.0952534
-0.0936804
-0.0921482
-0.0906553
-0.0891997
-0.0877811
-0.0863984
-0.0850495
-0.0837326
-0.0824472
-0.0811924
-0.0799722
-0.0787866
-0.0776308
-0.0765035
-0.0754043
-0.0743312
-0.0732838
-0.0722613
-0.0712633
-0.0702892
-0.0693384
-0.0684103
-0.0675137
-0.0666387
-0.0657847
-0.0649511
-0.0641375
-0.0633433
-0.0625681
-0.0618115
-0.0610729
-0.060352
-0.0596483
-0.0589614
-0.0582917
-0.057644
-0.0570118
-0.0563947
-0.0557924
-0.0552045
-0.0546307
-0.0540705
-0.0535237
-0.0529898
-0.0524687
-0.0519599
-0.0514632
-0.0509782
-0.0505048
-0.0500425
-0.0495911
-0.0491524
-0.048727
-0.0483118
-0.0479065
-0.0475109
-0.0471246
-0.0467475
-0.0463792
-0.0460197
-0.0456687
-0.0453259
-0.0449911
-0.0446642
-0.0443449
-0.0440331
-0.0437285
-0.043431
-0.0431404
-0.0428565
-0.0425792
-0.0423082
-0.0420435
-0.0417848
-0.041532
-0.041285
-0.0410436
-0.0408077
-0.0405772
-0.0403518
-0.0401315
-0.0399162
-0.0397057
-0.0394998
-0.0392986
-0.0391019
-0.0389094
-0.0387213
-0.0385373
-0.0383573
-0.0381812
-0.038009
-0.0378406
-0.0376758
-0.0375145
-0.0373567
-0.0372024
-0.0370513
-0.0369034
-0.0367586
-0.036617
-0.0364783
-0.0363425
-0.0362095
-0.0360794
-0.0359519
-0.035827
-0.0357047
-0.035585
-0.0354676
-0.0353527
-0.03524
-0.0351297
-0.0350215
-0.0349155
-0.0348116
-0.0347097
-0.0346098
-0.0345119
-0.0344159
-0.0343217
-0.0342293
-0.0341387
-0.0340499
-0.0339627
-0.0338771
-0.0337931
-0.0337107
-0.0336298
-0.0335504
-0.0334724
-0.0333958
-0.0333206
-0.0332467
-0.0331742
-0.0331029
-0.0330328
-0.032964
-0.0328964
-0.0328299
-0.0327645
-0.0327002
-0.032637
-0.0325748
-0.0325137
-0.0324535
-0.0323943
-0.032336
-0.0322787
-0.0322223
-0.0321667
-0.032112
-0.0320581
-0.032005
-0.0319528
-0.0319012
-0.0318505
-0.0318005
-0.0317512
-0.0317026
-0.0316546
-0.0316074
-0.0315607
-0.0315148
-0.0314694
-0.0314246
-0.0313804
-0.0313368
-0.0312937
-0.0312512
-0.0312092
-0.0311677
-0.0311268
-0.0310863
-0.0310463
-0.0310067
-0.0309676
-0.030929
-0.0308908
-0.030853
-0.0308156
-0.0307786
-0.030742
-0.0307058
-0.0306699
-0.0306345
-0.0305993
-0.0305645
-0.0305301
-0.0304959
-0.0304623
-0.0304303
-0.0303992
-0.0303692
-0.0303404
-0.0303126
-0.0302861
-0.0302607
-0.0302363
-0.030213
-0.0301907
-0.0301693
-0.0301488
-0.0301292
-0.0301105
-0.0300925
-0.0300753
-0.0300589
-0.0300431
-0.0300281
-0.0300136
-0.0299996
-0.0299858
-0.0299728
-0.0299595
-0.0299462
-0.0299326
-0.0299189
-0.029905
-0.029891
-0.0298768
-0.0298625
-0.029848
-0.0298333
-0.0298186
-0.0298037
-0.0297886
-0.0297734
-0.0297581
-0.0297427
-0.0297271
-0.0297115
-0.0296957
-0.0296798
-0.0296638
-0.0296476
-0.0296314
-0.029615
-0.0295986
-0.0295821
-0.0295654
-0.0295487
-0.0295318
-0.0295149
-0.0294979
-0.0294808
-0.0294636
-0.0294463
-0.029429
-0.0294115
-0.029394
-0.0293764
-0.0293587
-0.0293409
-0.0293231
-0.0293052
-0.0292872
-0.0292692
-0.0292511
-0.0292329
-0.0292146
-0.0291963
-0.0291779
-0.0291595
-0.029141
-0.0291224
-0.0291038
-0.0290851
-0.0290663
-0.0290475
-0.0290287
-0.0290097
-0.0289908
-0.0289717
-0.0289527
-0.0289335
-0.0289144
-0.0288951
-0.0288758
-0.0288565
-0.0288371
-0.0288177
-0.0287982
-0.0287787
-0.0287591
-0.0287395
-0.0287198
-0.0287001
-0.0286804
-0.0286606
-0.0286407
-0.0286208
-0.0286009
-0.028581
-0.0285609
-0.0285409
-0.0285208
-0.0285007
-0.0284805
-0.0284603
-0.02844
-0.0284197
-0.0283994
-0.0283791
-0.0283587
-0.0283382
-0.0283177
-0.0282972
-0.0282767
-0.0282561
-0.0282354
-0.0282148
-0.0281941
-0.0281733
-0.0281526
-0.0281318
-0.0281109
-0.0280901
-0.0280691
-0.0280482
-0.0280272
-0.0280062
-0.0279852
-0.0279641
-0.027943
-0.0279218
-0.0279006
-0.0278794
-0.0278582
-0.0278369
-0.0278156
-0.0277942
-0.0277729
-0.0277514
-0.02773
-0.0277085
-0.027687
-0.0276655
-0.0276439
-0.0276223
-0.0276007
-0.027579
-0.0275573
-0.0275356
-0.0275138
-0.027492
-0.0274702
-0.0274483
-0.0274264
-0.0274045
-0.0273825
-0.0273605
-0.0273385
-0.0273165
-0.0272944
-0.0272723
-0.0272501
-0.027228
-0.0272058
-0.0271835
-0.0271613
-0.027139
-0.0271166
-0.0270943
-0.0270719
-0.0270495
-0.027027
-0.0270045
-0.026982
-0.0269595
-0.0269369
-0.0269143
-0.0268916
-0.026869
-0.0268463
-0.0268235
-0.0268008
-0.026778
-0.0267552
-0.0267323
-0.0267094
-0.0266865
-0.0266636
-0.0266406
-0.0266176
-0.0265945
-0.0265715
-0.0265484
-0.0265252
-0.0265021
-0.0264789
-0.0264556
-0.0264324
-0.0264091
-0.0263858
-0.0263624
-0.026339
-0.0263156
-0.0262922
-0.0262687
-0.0262452
-0.0262217
-0.0261981
-0.0261745
-0.0261509
-0.0261272
-0.0261036
-0.0260798
-0.0260561
-0.0260323
-0.0260085
-0.0259847
-0.0259608
-0.0259369
-0.0259129
-0.025889
-0.025865
-0.0258409
-0.0258169
-0.0257928
-0.0257687
-0.0257445
-0.0257203
-0.0256961
-0.0256719
-0.0256476
-0.0256233
-0.025599
-0.0255746
-0.0255502
-0.0255258
-0.0255013
-0.0254768
-0.0254522
-0.0254276
-0.0254029
-0.0253782
-0.0253535
-0.0253287
-0.0253039
-0.0252799
-0.0252542
-0.025231
-0.0252051
-0.0251818
-0.0251558
-0.0251322
-0.0251062
-0.0250825
-0.0250563
-0.0250325
-0.0250063
-0.0249824
-0.0249562
-0.0249322
-0.0249058
-0.0248818
-0.0248554
-0.0248312
-0.0248048
-0.0247806
-0.0247541
-0.0247298
-0.0247033
-0.0246789
-0.0246523
-0.0246279
-0.0246013
-0.0245768
-0.0245501
-0.0245255
-0.0244988
-0.0244741
-0.0244474
-0.0244227
-0.0243958
-0.0243711
-0.0243442
-0.0243193
-0.0242924
-0.0242675
-0.0242405
-0.0242155
-0.0241885
-0.0241635
-0.0241364
-0.0241113
-0.0240841
-0.024059
-0.0240317
-0.0240065
-0.0239793
-0.023954
-0.0239267
-0.0239013
-0.0238739
-0.0238485
-0.0238211
-0.0237956
-0.0237682
-0.0237426
-0.0237151
-0.0236895
-0.0236619
-0.0236363
-0.0236086
-0.0235829
-0.0235563
-0.0235302
-0.023504
-0.0234778
-0.0234515
-0.0234252
-0.0233989
-0.0233726
-0.0233462
-0.0233198
-0.0232934
-0.0232669
-0.0232405
-0.0232141
-0.0231877
-0.0231612
-0.0231347
-0.0231082
-0.0230816
-0.023055
-0.0230284
-0.0230017
-0.022975
-0.0229483
-0.0229216
-0.0228948
-0.022868
-0.0228411
-0.0228143
-0.0227874
-0.0227606
-0.0227338
-0.0227069
-0.02268
-0.022653
-0.0226261
-0.0225991
-0.022572
-0.022545
-0.0225179
-0.0224908
-0.0224636
-0.0224365
-0.0224093
-0.022382
-0.0223548
-0.0223276
-0.0223004
-0.0222731
-0.0222459
-0.0222186
-0.0221912
-0.0221639
-0.0221365
-0.0221091
-0.0220816
-0.0220542
-0.0220267
-0.0219992
-0.0219716
-0.021944
-0.0219165
-0.0218889
-0.0218614
-0.0218338
-0.0218062
-0.0217785
-0.0217508
-0.0217231
-0.0216954
-0.0216677
-0.0216399
-0.0216121
-0.0215843
-0.0215564
-0.0215285
-0.0215007
-0.0214728
-0.021445
-0.0214171
-0.0213891
-0.0213612
-0.0213332
-0.0213052
-0.0212772
-0.0212491
-0.0212211
-0.021193
-0.0211649
-0.0211367
-0.0211085
-0.0210804
-0.0210523
-0.0210241
-0.0209959
-0.0209677
-0.0209395
-0.0209112
-0.0208829
-0.0208547
-0.0208263
-0.020798
-0.0207696
-0.0207412
-0.0207128
-0.0206844
-0.0206559
-0.0206275
-0.0205991
-0.0205706
-0.0205421
-0.0205136
-0.0204851
-0.0204566
-0.020428
-0.0203995
-0.0203709
-0.0203423
-0.0203136
-0.020285
-0.0202563
-0.0202277
-0.0201991
-0.0201704
-0.0201417
-0.020113
-0.0200843
-0.0200555
-0.0200267
-0.019998
-0.0199692
-0.0199405
-0.0199117
-0.0198829
-0.0198541
-0.0198252
-0.0197964
-0.0197675
-0.0197386
-0.0197097
-0.0196809
-0.019652
-0.0196231
-0.0195942
-0.0195652
-0.0195363
-0.0195073
-0.0194783
-0.0194494
-0.0194204
-0.0193914
-0.0193624
-0.0193334
-0.0193044
-0.0192753
-0.0192463
-0.0192172
-0.0191882
-0.0191591
-0.01913
-0.019101
-0.0190719
-0.0190428
-0.0190136
-0.0189845
-0.0189554
-0.0189263
-0.0188971
-0.018868
-0.0188388
-0.0188097
-0.0187805
-0.0187513
-0.0187221
-0.0186929
-0.0186637
-0.0186345
-0.0186053
-0.0185761
-0.0185469
-0.0185177
-0.0184885
-0.0184592
-0.01843
-0.0184007
-0.0183715
-0.0183422
-0.018313
-0.0182837
-0.0182545
-0.0182252
-0.018196
-0.0181666
-0.0181374
-0.0181081
-0.0180789
-0.0180495
-0.0180203
-0.017991
-0.0179618
-0.0179324
-0.0179031
-0.0178738
-0.0178446
-0.0178152
-0.0177859
-0.0177565
-0.0177273
-0.0176979
-0.0176687
-0.0176393
-0.0176101
-0.0175807
-0.0175514
-0.017522
-0.0174928
-0.0174634
-0.0174341
-0.0174047
-0.0173755
-0.0173461
-0.0173168
-0.0172874
-0.0172582
-0.0172288
-0.0171995
-0.0171702
-0.0171409
-0.0171115
-0.0170823
-0.0170529
-0.0170236
-0.0169943
-0.016965
-0.0169356
-0.0169064
-0.016877
-0.0168478
-0.0168184
-0.0167892
-0.0167599
-0.0167306
-0.0167013
-0.0166721
-0.0166427
-0.0166135
-0.0165842
-0.016555
-0.0165257
-0.0164965
-0.0164671
-0.016438
-0.0164087
-0.0163795
-0.0163502
-0.016321
-0.0162917
-0.0162626
-0.0162333
-0.0162042
-0.0161749
-0.0161458
-0.0161165
-0.0160874
-0.0160582
-0.0160291
-0.0159999
-0.0159708
-0.0159416
-0.0159125
-0.0158833
-0.0158543
-0.0158251
-0.0157961
-0.0157669
-0.0157379
-0.0157088
-0.0156797
-0.0156506
-0.0156216
-0.0155925
-0.0155636
-0.0155345
-0.0155055
-0.0154765
-0.0154475
-0.0154185
-0.0153896
-0.0153606
-0.0153317
-0.0153027
-0.0152738
-0.0152449
-0.015216
-0.0151871
-0.0151582
-0.0151293
-0.0151005
-0.0150716
-0.0150428
-0.015014
-0.0149852
-0.0149564
-0.0149276
-0.0148988
-0.0148701
-0.0148413
-0.0148126
-0.0147839
-0.0147552
-0.0147265
-0.0146979
-0.0146692
-0.0146406
-0.0146119
-0.0145833
-0.0145547
-0.0145261
-0.0144975
-0.014469
-0.0144404
-0.0144119
-0.0143834
-0.0143549
-0.0143264
-0.014298
-0.0142695
-0.0142411
-0.0142127
-0.0141843
-0.0141559
-0.0141276
-0.0140992
-0.0140709
-0.0140426
-0.0140143
-0.013986
-0.0139578
-0.0139295
-0.0139013
-0.0138731
-0.0138449
-0.0138167
-0.0137886
-0.0137604
-0.0137324
-0.0137042
-0.0136762
-0.0136481
-0.0136201
-0.0135921
-0.0135641
-0.0135361
-0.0135082
-0.0134802
-0.0134523
-0.0134244
-0.0133966
-0.0133687
-0.0133409
-0.0133131
-0.0132853
-0.0132575
-0.0132298
-0.013202
-0.0131744
-0.0131466
-0.013119
-0.0130914
-0.0130638
-0.0130362
-0.0130086
-0.012981
-0.0129535
-0.012926
-0.0128986
-0.0128711
-0.0128437
-0.0128162
-0.0127889
-0.0127615
-0.0127342
-0.0127068
-0.0126796
-0.0126523
-0.0126251
-0.0125978
-0.0125707
-0.0125435
-0.0125163
-0.0124892
-0.0124621
-0.0124351
-0.012408
-0.012381
-0.012354
-0.012327
-0.0123001
-0.0122732
-0.0122463
-0.0122194
-0.0121926
-0.0121658
-0.012139
-0.0121122
-0.0120855
-0.0120588
-0.0120321
-0.0120055
-0.0119788
-0.0119522
-0.0119257
-0.0118991
-0.0118726
-0.0118461
-0.0118197
-0.0117932
-0.0117668
-0.0117404
-0.0117141
-0.0116878
-0.0116615
-0.0116352
-0.011609
-0.0115828
-0.0115566
-0.0115304
-0.0115043
-0.0114782
-0.0114522
-0.0114261
-0.0114001
-0.0113741
-0.0113481
-0.0113222
-0.0112963
-0.0112704
-0.0112446
-0.0112188
-0.011193
-0.0111672
-0.0111415
-0.0111158
-0.0110901
-0.0110644
-0.0110388
-0.0110132
-0.0109877
-0.0109621
-0.0109366
-0.0109112
-0.0108857
-0.0108603
-0.0108349
-0.0108095
-0.0107842
-0.0107589
-0.0107337
-0.0107084
-0.0106832
-0.010658
-0.0106329
-0.0106078
-0.0105827
-0.0105577
-0.0105326
-0.0105076
-0.0104827
-0.0104578
-0.0104329
-0.010408
-0.0103832
-0.0103584
-0.0103336
-0.0103088
-0.0102841
-0.0102595
-0.0102348
-0.0102102
-0.0101856
-0.0101611
-0.0101366
-0.0101121
-0.0100876
-0.0100632
-0.0100388
-0.0100145
-0.00999017
-0.00996588
-0.00994163
-0.00991741
-0.00989322
-0.00986907
-0.00984495
-0.00982086
-0.00979681
-0.00977279
-0.0097488
-0.00972485
-0.00970094
-0.00967705
-0.0096532
-0.00962938
-0.0096056
-0.00958185
-0.00955814
-0.00953446
-0.00951082
-0.0094872
-0.00946363
-0.00944009
-0.00941658
-0.00939311
-0.00936967
-0.00934627
-0.0093229
-0.00929957
-0.00927627
-0.009253
-0.00922978
-0.00920658
-0.00918343
-0.00916031
-0.00913722
-0.00911417
-0.00909115
-0.00906817
-0.00904523
-0.00902232
-0.00899945
-0.00897661
-0.00895381
-0.00893104
-0.00890831
-0.00888562
-0.00886296
-0.00884034
-0.00881775
-0.00879521
-0.00877269
-0.00875022
-0.00872778
-0.00870537
-0.00868301
-0.00866067
-0.00863838
-0.00861612
-0.0085939
-0.00857172
-0.00854957
-0.00852746
-0.00850539
-0.00848335
-0.00846135
-0.00843938
-0.00841746
-0.00839557
-0.00837372
-0.0083519
-0.00833012
-0.00830838
-0.00828668
-0.00826501
-0.00824338
-0.00822179
-0.00820024
-0.00817872
-0.00815724
-0.0081358
-0.00811439
-0.00809303
-0.0080717
-0.00805041
-0.00802915
-0.00800793
-0.00798675
-0.00796561
-0.00794451
-0.00792344
-0.00790242
-0.00788143
-0.00786047
-0.00783956
-0.00781868
-0.00779784
-0.00777704
-0.00775628
-0.00773555
-0.00771487
-0.00769422
-0.00767361
-0.00765303
-0.0076325
-0.007612
-0.00759154
-0.00757112
-0.00755074
-0.0075304
-0.00751009
-0.00748982
-0.00746959
-0.0074494
-0.00742925
-0.00740913
-0.00738906
-0.00736902
-0.00734902
-0.00732906
-0.00730913
-0.00728925
-0.0072694
-0.00724959
-0.00722982
-0.00721009
-0.0071904
-0.00717074
-0.00715113
-0.00713155
-0.00711201
-0.00709251
-0.00707305
-0.00705362
-0.00703424
-0.00701489
-0.00699558
-0.00697631
-0.00695708
-0.00693788
-0.00691873
-0.00689961
-0.00688053
-0.00686149
-0.00684249
-0.00682353
-0.0068046
-0.00678572
-0.00676687
-0.00674806
-0.00672929
-0.00671056
-0.00669186
-0.00667321
-0.00665459
-0.00663601
-0.00661747
-0.00659897
-0.00658051
-0.00656208
-0.0065437
-0.00652535
-0.00650704
-0.00648877
-0.00647053
-0.00645234
-0.00643418
-0.00641606
-0.00639798
-0.00637994
-0.00636194
-0.00634398
-0.00632605
-0.00630816
-0.00629031
-0.0062725
-0.00625472
-0.00623699
-0.00621929
-0.00620163
-0.00618401
-0.00616643
-0.00614888
-0.00613138
-0.00611391
-0.00609648
-0.00607909
-0.00606173
-0.00604441
-0.00602714
-0.0060099
-0.00599269
-0.00597553
-0.0059584
-0.00594131
-0.00592426
-0.00590725
-0.00589027
-0.00587334
-0.00585644
-0.00583957
-0.00582275
-0.00580596
-0.00578921
-0.0057725
-0.00575583
-0.00573919
-0.0057226
-0.00570603
-0.00568951
-0.00567303
-0.00565658
-0.00564017
-0.00562379
-0.00560746
-0.00559116
-0.0055749
-0.00555867
-0.00554249
-0.00552634
-0.00551022
-0.00549415
-0.00547811
-0.00546211
-0.00544615
-0.00543022
-0.00541433
-0.00539848
-0.00538266
-0.00536688
-0.00535114
-0.00533544
-0.00531977
-0.00530414
-0.00528854
-0.00527299
-0.00525746
-0.00524198
-0.00522653
-0.00521112
-0.00519575
-0.00518041
-0.00516511
-0.00514984
-0.00513461
-0.00511942
-0.00510426
-0.00508914
-0.00507406
-0.00505901
-0.005044
-0.00502903
-0.00501409
-0.00499919
-0.00498432
-0.00496949
-0.00495469
-0.00493993
-0.00492521
-0.00491052
-0.00489587
-0.00488126
-0.00486668
-0.00485213
-0.00483762
-0.00482315
-0.00480871
-0.00479431
-0.00477994
-0.00476561
-0.00475132
-0.00473706
-0.00472283
-0.00470864
-0.00469449
-0.00468037
-0.00466628
-0.00465223
-0.00463822
-0.00462424
-0.00461029
-0.00459638
-0.00458251
-0.00456867
-0.00455486
-0.00454109
-0.00452736
-0.00451365
-0.00449999
-0.00448635
-0.00447276
-0.00445919
-0.00444566
-0.00443217
-0.00441871
-0.00440528
-0.00439189
-0.00437853
-0.00436521
-0.00435192
-0.00433866
-0.00432544
-0.00431225
-0.0042991
-0.00428598
-0.00427289
-0.00425984
-0.00424682
-0.00423383
-0.00422088
-0.00420796
-0.00419507
-0.00418222
-0.0041694
-0.00415662
-0.00414386
-0.00413114
-0.00411846
-0.0041058
-0.00409318
-0.0040806
-0.00406804
-0.00405552
-0.00404303
-0.00403058
-0.00401815
-0.00400576
-0.00399341
-0.00398108
-0.00396879
-0.00395653
-0.0039443
-0.0039321
-0.00391994
-0.00390781
-0.00389571
-0.00388364
-0.00387161
-0.00385961
-0.00384764
-0.0038357
-0.00382379
-0.00381192
-0.00380007
-0.00378826
-0.00377648
-0.00376473
-0.00375301
-0.00374133
-0.00372968
-0.00371805
-0.00370646
-0.0036949
-0.00368337
-0.00367187
-0.00366041
-0.00364897
-0.00363757
-0.00362619
-0.00361485
-0.00360354
-0.00359226
-0.003581
-0.00356978
-0.0035586
-0.00354744
-0.00353631
-0.00352521
-0.00351414
-0.0035031
-0.0034921
-0.00348112
-0.00347017
-0.00345926
-0.00344837
-0.00343751
-0.00342668
-0.00341589
-0.00340512
-0.00339438
-0.00338367
-0.003373
-0.00336235
-0.00335173
-0.00334114
-0.00333058
-0.00332005
-0.00330954
-0.00329907
-0.00328863
-0.00327821
-0.00326783
-0.00325747
-0.00324715
-0.00323685
-0.00322658
-0.00321634
-0.00320612
-0.00319594
-0.00318579
-0.00317566
-0.00316556
-0.00315549
-0.00314545
-0.00313544
-0.00312545
-0.0031155
-0.00310557
-0.00309567
-0.00308579
-0.00307595
-0.00306613
-0.00305634
-0.00304658
-0.00303685
-0.00302714
-0.00301747
-0.00300782
-0.00299819
-0.0029886
-0.00297903
-0.00296949
-0.00295997
-0.00295049
-0.00294103
-0.0029316
-0.00292219
-0.00291281
-0.00290346
-0.00289414
-0.00288484
-0.00287557
-0.00286632
-0.00285711
-0.00284792
-0.00283875
-0.00282961
-0.0028205
-0.00281142
-0.00280236
-0.00279332
-0.00278432
-0.00277534
-0.00276638
-0.00275745
-0.00274855
-0.00273967
-0.00273082
-0.002722
-0.0027132
-0.00270442
-0.00269567
-0.00268695
-0.00267825
-0.00266958
-0.00266094
-0.00265231
-0.00264372
-0.00263515
-0.0026266
-0.00261808
-0.00260958
-0.00260111
-0.00259267
-0.00258425
-0.00257585
-0.00256748
-0.00255913
-0.00255081
-0.00254251
-0.00253424
-0.00252599
-0.00251776
-0.00250956
-0.00250139
-0.00249323
-0.00248511
-0.002477
-0.00246892
-0.00246087
-0.00245283
-0.00244483
-0.00243684
-0.00242888
-0.00242095
-0.00241303
-0.00240514
-0.00239728
-0.00238943
-0.00238162
-0.00237382
-0.00236605
-0.0023583
-0.00235057
-0.00234287
-0.00233519
-0.00232753
-0.0023199
-0.00231229
-0.0023047
-0.00229713
-0.00228959
-0.00228207
-0.00227457
-0.0022671
-0.00225965
-0.00225222
-0.00224481
-0.00223743
-0.00223006
-0.00222272
-0.0022154
-0.00220811
-0.00220083
-0.00219358
-0.00218635
-0.00217914
-0.00217196
-0.00216479
-0.00215765
-0.00215053
-0.00214343
-0.00213635
-0.00212929
-0.00212226
-0.00211525
-0.00210825
-0.00210128
-0.00209433
-0.00208741
-0.0020805
-0.00207361
-0.00206675
-0.0020599
-0.00205308
-0.00204628
-0.0020395
-0.00203274
-0.002026
-0.00201928
-0.00201258
-0.0020059
-0.00199924
-0.00199261
-0.00198599
-0.00197939
-0.00197282
-0.00196626
-0.00195973
-0.00195321
-0.00194671
-0.00194024
-0.00193378
-0.00192735
-0.00192093
-0.00191454
-0.00190816
-0.0019018
-0.00189547
-0.00188915
-0.00188285
-0.00187658
-0.00187032
-0.00186408
-0.00185786
-0.00185166
-0.00184548
-0.00183932
-0.00183317
-0.00182705
-0.00182094
-0.00181486
-0.00180879
-0.00180274
-0.00179672
-0.00179071
-0.00178471
-0.00177874
-0.00177279
-0.00176685
-0.00176094
-0.00175504
-0.00174916
-0.0017433
-0.00173745
-0.00173163
-0.00172582
-0.00172003
-0.00171426
-0.00170851
-0.00170278
-0.00169706
-0.00169136
-0.00168568
-0.00168002
-0.00167438
-0.00166875
-0.00166314
-0.00165755
-0.00165198
-0.00164642
-0.00164088
-0.00163536
-0.00162986
-0.00162437
-0.0016189
-0.00161345
-0.00160802
-0.0016026
-0.0015972
-0.00159182
-0.00158645
-0.0015811
-0.00157577
-0.00157045
-0.00156515
-0.00155987
-0.00155461
-0.00154936
-0.00154413
-0.00153891
-0.00153372
-0.00152853
-0.00152337
-0.00151822
-0.00151309
-0.00150797
-0.00150287
-0.00149779
-0.00149272
-0.00148767
-0.00148264
-0.00147762
-0.00147262
-0.00146763
-0.00146266
-0.0014577
-0.00145276
-0.00144784
-0.00144293
-0.00143804
-0.00143316
-0.0014283
-0.00142346
-0.00141863
-0.00141382
-0.00140902
-0.00140423
-0.00139947
-0.00139471
-0.00138998
-0.00138525
-0.00138055
-0.00137586
-0.00137118
-0.00136652
-0.00136187
-0.00135724
-0.00135262
-0.00134802
-0.00134343
-0.00133886
-0.0013343
-0.00132976
-0.00132523
-0.00132072
-0.00131622
-0.00131174
-0.00130727
-0.00130281
-0.00129837
-0.00129394
-0.00128953
-0.00128513
-0.00128075
-0.00127638
-0.00127203
-0.00126768
-0.00126336
-0.00125904
-0.00125475
-0.00125046
-0.00124619
-0.00124193
-0.00123769
-0.00123346
-0.00122924
-0.00122504
-0.00122085
-0.00121668
-0.00121252
-0.00120837
-0.00120423
-0.00120011
-0.00119601
-0.00119191
-0.00118783
-0.00118376
-0.00117971
-0.00117567
-0.00117164
-0.00116763
-0.00116363
-0.00115964
-0.00115566
-0.0011517
-0.00114775
-0.00114381
-0.00113989
-0.00113598
-0.00113208
-0.0011282
-0.00112432
-0.00112047
-0.00111662
-0.00111278
-0.00110896
-0.00110515
-0.00110136
-0.00109757
-0.0010938
-0.00109004
-0.00108629
-0.00108256
-0.00107884
-0.00107513
-0.00107143
-0.00106774
-0.00106407
-0.00106041
-0.00105676
-0.00105312
-0.00104949
-0.00104588
-0.00104228
-0.00103869
-0.00103511
-0.00103155
-0.00102799
-0.00102445
-0.00102092
-0.0010174
-0.00101389
-0.00101039
-0.00100691
-0.00100344
-0.000999976
-0.000996526
-0.000993087
-0.00098966
-0.000986244
-0.000982839
-0.000979446
-0.000976064
-0.000972693
-0.000969334
-0.000965985
-0.000962648
-0.000959322
-0.000956006
-0.000952702
-0.000949409
-0.000946126
-0.000942855
-0.000939594
-0.000936345
-0.000933106
-0.000929878
-0.00092666
-0.000923454
-0.000920258
-0.000917072
-0.000913897
-0.000910733
-0.00090758
-0.000904436
-0.000901304
-0.000898182
-0.00089507
-0.000891968
-0.000888877
-0.000885796
-0.000882726
-0.000879666
-0.000876616
-0.000873576
-0.000870546
-0.000867527
-0.000864517
-0.000861518
-0.000858528
-0.000855549
-0.00085258
-0.00084962
-0.000846671
-0.000843731
-0.000840801
-0.000837881
-0.000834971
-0.00083207
-0.000829179
-0.000826298
-0.000823427
-0.000820565
-0.000817713
-0.00081487
-0.000812037
-0.000809214
-0.0008064
-0.000803595
-0.0008008
-0.000798014
-0.000795238
-0.00079247
-0.000789713
-0.000786964
-0.000784225
-0.000781495
-0.000778774
-0.000776062
-0.000773359
-0.000770666
-0.000767981
-0.000765306
-0.00076264
-0.000759982
-0.000757334
-0.000754694
-0.000752064
-0.000749442
-0.000746829
-0.000744225
-0.00074163
-0.000739043
-0.000736465
-0.000733896
-0.000731336
-0.000728784
-0.000726241
-0.000723706
-0.00072118
-0.000718663
-0.000716154
-0.000713654
-0.000711162
-0.000708678
-0.000706203
-0.000703736
-0.000701278
-0.000698828
-0.000696386
-0.000693952
-0.000691527
-0.00068911
-0.000686701
-0.0006843
-0.000681908
-0.000679523
-0.000677147
-0.000674779
-0.000672419
-0.000670066
-0.000667722
-0.000665386
-0.000663057
-0.000660737
-0.000658424
-0.00065612
-0.000653823
-0.000651534
-0.000649252
-0.000646979
-0.000644713
-0.000642455
-0.000640205
-0.000637962
-0.000635727
-0.000633499
-0.000631279
-0.000629067
-0.000626862
-0.000624665
-0.000622475
-0.000620292
-0.000618117
-0.00061595
-0.00061379
-0.000611637
-0.000609492
-0.000607353
-0.000605223
-0.000603099
-0.000600983
-0.000598874
-0.000596772
-0.000594677
-0.00059259
-0.000590509
-0.000588436
-0.00058637
-0.000584311
-0.000582258
-0.000580213
-0.000578175
-0.000576144
-0.00057412
-0.000572103
-0.000570092
-0.000568089
-0.000566092
-0.000564102
-0.000562119
-0.000560143
-0.000558174
-0.000556211
-0.000554255
-0.000552306
-0.000550363
-0.000548427
-0.000546498
-0.000544575
-0.000542659
-0.00054075
-0.000538847
-0.000536951
-0.000535061
-0.000533177
-0.0005313
-0.00052943
-0.000527566
-0.000525708
-0.000523857
-0.000522012
-0.000520173
-0.000518341
-0.000516515
-0.000514695
-0.000512882
-0.000511074
-0.000509273
-0.000507479
-0.00050569
-0.000503907
-0.000502131
-0.000500361
-0.000498597
-0.000496839
-0.000495087
-0.000493341
-0.000491601
-0.000489867
-0.000488139
-0.000486417
-0.0004847
-0.00048299
-0.000481286
-0.000479588
-0.000477895
-0.000476208
-0.000474527
-0.000472852
-0.000471183
-0.000469519
-0.000467861
-0.000466209
-0.000464563
-0.000462922
-0.000461287
-0.000459658
-0.000458034
-0.000456416
-0.000454803
-0.000453196
-0.000451595
-0.000449999
-0.000448408
-0.000446823
-0.000445244
-0.000443671
-0.000442102
-0.000440539
-0.000438981
-0.000437429
-0.000435881
-0.00043434
-0.000432803
-0.000431272
-0.000429747
-0.000428226
-0.000426711
-0.000425202
-0.000423697
-0.000422198
-0.000420703
-0.000419214
-0.000417731
-0.000416252
-0.000414778
-0.00041331
-0.000411846
-0.000410388
-0.000408935
-0.000407487
-0.000406044
-0.000404605
-0.000403172
-0.000401744
-0.000400321
-0.000398902
-0.000397489
-0.00039608
-0.000394677
-0.000393278
-0.000391884
-0.000390495
-0.000389111
-0.000387732
-0.000386357
-0.000384987
-0.000383622
-0.000382262
-0.000380906
-0.000379555
-0.000378209
-0.000376868
-0.000375531
-0.000374199
-0.000372871
-0.000371548
-0.00037023
-0.000368916
-0.000367607
-0.000366303
-0.000365003
-0.000363707
-0.000362416
-0.00036113
-0.000359847
-0.00035857
-0.000357297
-0.000356028
-0.000354764
-0.000353504
-0.000352249
-0.000350998
-0.000349751
-0.000348508
-0.00034727
-0.000346037
-0.000344807
-0.000343582
-0.000342361
-0.000341145
-0.000339932
-0.000338724
-0.00033752
-0.000336321
-0.000335125
-0.000333934
-0.000332747
-0.000331564
-0.000330385
-0.00032921
-0.000328039
-0.000326873
-0.00032571
-0.000324552
-0.000323398
-0.000322247
-0.000321101
-0.000319959
-0.00031882
-0.000317686
-0.000316556
-0.000315429
-0.000314307
-0.000313188
-0.000312073
-0.000310963
-0.000309856
-0.000308753
-0.000307654
-0.000306558
-0.000305467
-0.000304379
-0.000303296
-0.000302216
-0.000301139
-0.000300067
-0.000298998
-0.000297933
-0.000296872
-0.000295814
-0.000294761
-0.000293711
-0.000292664
-0.000291621
-0.000290582
-0.000289547
-0.000288515
-0.000287487
-0.000286462
-0.000285441
-0.000284424
-0.00028341
-0.0002824
-0.000281393
-0.00028039
-0.00027939
-0.000278394
-0.000277401
-0.000276412
-0.000275426
-0.000274444
-0.000273465
-0.000272489
-0.000271517
-0.000270549
-0.000269584
-0.000268622
-0.000267664
-0.000266709
-0.000265757
-0.000264809
-0.000263864
-0.000262922
-0.000261984
-0.000261049
-0.000260117
-0.000259188
-0.000258263
-0.000257341
-0.000256422
-0.000255507
-0.000254595
-0.000253686
-0.00025278
-0.000251877
-0.000250978
-0.000250081
-0.000249188
-0.000248298
-0.000247411
-0.000246527
-0.000245647
-0.000244769
-0.000243895
-0.000243023
-0.000242155
-0.00024129
-0.000240427
-0.000239568
-0.000238712
-0.000237859
-0.000237009
-0.000236162
-0.000235317
-0.000234476
-0.000233638
-0.000232803
-0.000231971
-0.000231141
-0.000230315
-0.000229491
-0.000228671
-0.000227853
-0.000227038
-0.000226226
-0.000225417
-0.000224611
-0.000223807
-0.000223007
-0.000222209
-0.000221414
-0.000220622
-0.000219832
-0.000219046
-0.000218262
-0.000217481
-0.000216703
-0.000215927
-0.000215155
-0.000214385
-0.000213617
-0.000212853
-0.000212091
-0.000211332
-0.000210575
-0.000209821
-0.00020907
-0.000208322
-0.000207576
-0.000206832
-0.000206092
-0.000205354
-0.000204618
-0.000203886
-0.000203155
-0.000202428
-0.000201703
-0.00020098
-0.00020026
-0.000199543
-0.000198828
-0.000198116
-0.000197406
-0.000196699
-0.000195994
-0.000195292
-0.000194592
-0.000193895
-0.0001932
-0.000192507
-0.000191817
-0.00019113
-0.000190445
-0.000189762
-0.000189082
-0.000188404
-0.000187729
-0.000187056
-0.000186385
-0.000185717
-0.000185051
-0.000184387
-0.000183726
-0.000183067
-0.000182411
-0.000181757
-0.000181105
-0.000180455
-0.000179808
-0.000179163
-0.00017852
-0.00017788
-0.000177242
-0.000176606
-0.000175973
-0.000175341
-0.000174712
-0.000174085
-0.000173461
-0.000172838
-0.000172218
-0.0001716
-0.000170984
-0.00017037
-0.000169759
-0.00016915
-0.000168542
-0.000167937
-0.000167335
-0.000166734
-0.000166135
-0.000165539
-0.000164945
-0.000164352
-0.000163762
-0.000163174
-0.000162588
-0.000162004
-0.000161423
-0.000160843
-0.000160265
-0.00015969
-0.000159116
-0.000158545
-0.000157975
-0.000157408
-0.000156842
-0.000156279
-0.000155717
-0.000155158
-0.000154601
-0.000154045
-0.000153492
-0.00015294
-0.00015239
-0.000151843
-0.000151297
-0.000150753
-0.000150212
-0.000149672
-0.000149134
-0.000148598
-0.000148064
-0.000147532
-0.000147001
-0.000146473
-0.000145946
-0.000145422
-0.000144899
-0.000144378
-0.000143859
-0.000143341
-0.000142826
-0.000142312
-0.000141801
-0.000141291
-0.000140783
-0.000140276
-0.000139772
-0.000139269
-0.000138768
-0.000138269
-0.000137772
-0.000137276
-0.000136782
-0.00013629
-0.0001358
-0.000135311
-0.000134825
-0.000134339
-0.000133856
-0.000133374
-0.000132895
-0.000132416
-0.00013194
-0.000131465
-0.000130992
-0.00013052
-0.000130051
-0.000129583
-0.000129116
-0.000128651
-0.000128188
-0.000127727
-0.000127267
-0.000126809
-0.000126353
-0.000125898
-0.000125444
-0.000124993
-0.000124543
-0.000124094
-0.000123647
-0.000123202
-0.000122759
-0.000122316
-0.000121876
-0.000121437
-0.000121
-0.000120564
-0.00012013
-0.000119697
-0.000119266
-0.000118836
-0.000118408
-0.000117982
-0.000117557
-0.000117133
-0.000116711
-0.000116291
-0.000115872
-0.000115454
-0.000115038
-0.000114624
-0.000114211
-0.000113799
-0.000113389
-0.00011298
-0.000112573
-0.000112167
-0.000111763
-0.00011136
-0.000110959
-0.000110559
-0.000110161
-0.000109763
-0.000109368
-0.000108974
-0.000108581
-0.000108189
-0.000107799
-0.000107411
-0.000107023
-0.000106637
-0.000106253
-0.00010587
-0.000105488
-0.000105108
-0.000104729
-0.000104351
-0.000103975
-0.0001036
-0.000103226
-0.000102854
-0.000102483
-0.000102113
-0.000101745
-0.000101378
-0.000101012
-0.000100648
-0.000100285
-9.9923e-05
-9.95625e-05
-9.92033e-05
-9.88454e-05
-9.84888e-05
-9.81334e-05
-9.77793e-05
-9.74265e-05
-9.7075e-05
-9.67247e-05
-9.63756e-05
-9.60279e-05
-9.56813e-05
-9.5336e-05
-9.49919e-05
-9.46491e-05
-9.43075e-05
-9.39671e-05
-9.3628e-05
-9.329e-05
-9.29533e-05
-9.26177e-05
-9.22834e-05
-9.19503e-05
-9.16183e-05
-9.12876e-05
-9.0958e-05
-9.06296e-05
-9.03024e-05
-8.99764e-05
-8.96515e-05
-8.93278e-05
-8.90052e-05
-8.86839e-05
-8.83636e-05
-8.80445e-05
-8.77266e-05
-8.74098e-05
-8.70941e-05
-8.67795e-05
-8.64661e-05
-8.61538e-05
-8.58427e-05
-8.55326e-05
-8.52237e-05
-8.49158e-05
-8.46091e-05
-8.43034e-05
-8.39989e-05
-8.36955e-05
-8.33931e-05
-8.30918e-05
-8.27916e-05
-8.24925e-05
-8.21945e-05
-8.18975e-05
-8.16016e-05
-8.13067e-05
-8.10129e-05
-8.07202e-05
-8.04285e-05
-8.01378e-05
-7.98482e-05
-7.95597e-05
-7.92722e-05
-7.89857e-05
-7.87002e-05
-7.84157e-05
-7.81323e-05
-7.78499e-05
-7.75685e-05
-7.72881e-05
-7.70088e-05
-7.67304e-05
-7.6453e-05
-7.61766e-05
-7.59013e-05
-7.56269e-05
-7.53534e-05
-7.5081e-05
-7.48095e-05
-7.45391e-05
-7.42696e-05
-7.4001e-05
-7.37334e-05
-7.34668e-05
-7.32012e-05
-7.29365e-05
-7.26727e-05
-7.24099e-05
-7.2148e-05
-7.18871e-05
-7.16271e-05
-7.13681e-05
-7.11099e-05
-7.08527e-05
-7.05965e-05
-7.03411e-05
-7.00867e-05
-6.98332e-05
-6.95806e-05
-6.93289e-05
-6.90781e-05
-6.88282e-05
-6.85792e-05
-6.83311e-05
-6.80838e-05
-6.78375e-05
-6.75921e-05
-6.73475e-05
-6.71038e-05
-6.6861e-05
-6.66191e-05
-6.63781e-05
-6.61379e-05
-6.58985e-05
-6.56601e-05
-6.54224e-05
-6.51857e-05
-6.49498e-05
-6.47147e-05
-6.44805e-05
-6.42471e-05
-6.40146e-05
-6.37829e-05
-6.3552e-05
-6.3322e-05
-6.30928e-05
-6.28647e-05
-6.2641e-05
-6.24181e-05
-6.21961e-05
-6.19748e-05
-6.17544e-05
-6.15347e-05
-6.13159e-05
-6.10978e-05
-6.08805e-05
-6.0664e-05
-6.04483e-05
-6.02334e-05
-6.00192e-05
-5.98058e-05
-5.95932e-05
-5.93814e-05
-5.91703e-05
-5.896e-05
-5.87504e-05
-5.85416e-05
-5.83336e-05
-5.81263e-05
-5.79197e-05
-5.77138e-05
-5.75088e-05
-5.73044e-05
-5.71008e-05
-5.6898e-05
-5.66958e-05
-5.64944e-05
-5.62936e-05
-5.60937e-05
-5.58944e-05
-5.56959e-05
-5.54981e-05
-5.53009e-05
-5.51045e-05
-5.49087e-05
-5.47138e-05
-5.45195e-05
-5.43258e-05
-5.41329e-05
-5.39407e-05
-5.37491e-05
-5.35582e-05
-5.3368e-05
-5.31786e-05
-5.29898e-05
-5.28016e-05
-5.26142e-05
-5.24274e-05
-5.22412e-05
-5.20557e-05
-5.18709e-05
-5.16867e-05
-5.15032e-05
-5.13204e-05
-5.11383e-05
-5.09568e-05
-5.07759e-05
-5.05957e-05
-5.04161e-05
-5.02371e-05
-5.00588e-05
-4.98811e-05
-4.9704e-05
-4.95276e-05
-4.93519e-05
-4.91767e-05
-4.90022e-05
-4.88283e-05
-4.86551e-05
-4.84824e-05
-4.83103e-05
-4.81389e-05
-4.79681e-05
-4.77978e-05
-4.76282e-05
-4.74592e-05
-4.72908e-05
-4.7123e-05
-4.69559e-05
-4.67893e-05
-4.66233e-05
-4.64578e-05
-4.6293e-05
-4.61288e-05
-4.59651e-05
-4.5802e-05
-4.56395e-05
-4.54776e-05
-4.53162e-05
-4.51555e-05
-4.49953e-05
-4.48357e-05
-4.46766e-05
-4.45182e-05
-4.43603e-05
-4.42029e-05
-4.40461e-05
-4.38899e-05
-4.37342e-05
-4.35791e-05
-4.34245e-05
-4.32704e-05
-4.31169e-05
-4.2964e-05
-4.28116e-05
-4.26597e-05
-4.25084e-05
-4.23577e-05
-4.22075e-05
-4.20578e-05
-4.19087e-05
-4.176e-05
-4.16119e-05
-4.14644e-05
-4.13173e-05
-4.11708e-05
-4.10248e-05
-4.08793e-05
-4.07343e-05
-4.05898e-05
-4.04459e-05
-4.03024e-05
-4.01595e-05
-4.00171e-05
-3.98752e-05
-3.97338e-05
-3.95929e-05
-3.94525e-05
-3.93126e-05
-3.91733e-05
-3.90344e-05
-3.8896e-05
-3.8758e-05
-3.86206e-05
-3.84837e-05
-3.83472e-05
-3.82113e-05
-3.80758e-05
-3.79408e-05
-3.78062e-05
-3.76722e-05
-3.75386e-05
-3.74055e-05
-3.72729e-05
-3.71407e-05
-3.7009e-05
-3.68778e-05
-3.6747e-05
-3.66168e-05
-3.6487e-05
-3.63576e-05
-3.62288e-05
-3.61003e-05
-3.59724e-05
-3.58448e-05
-3.57178e-05
-3.55912e-05
-3.5465e-05
-3.53393e-05
-3.5214e-05
-3.50892e-05
-3.49648e-05
-3.48408e-05
-3.47173e-05
-3.45942e-05
-3.44716e-05
-3.43494e-05
-3.42276e-05
-3.41063e-05
-3.39854e-05
-3.38649e-05
-3.37448e-05
-3.36252e-05
-3.3506e-05
-3.33872e-05
-3.32689e-05
-3.3151e-05
-3.30335e-05
-3.29164e-05
-3.27997e-05
-3.26835e-05
-3.25677e-05
-3.24522e-05
-3.23372e-05
-3.22226e-05
-3.21084e-05
-3.19946e-05
-3.18812e-05
-3.17682e-05
-3.16556e-05
-3.15434e-05
-3.14316e-05
-3.13202e-05
-3.12092e-05
-3.10986e-05
-3.09883e-05
-3.08785e-05
-3.07691e-05
-3.066e-05
-3.05513e-05
-3.0443e-05
-3.03351e-05
-3.02276e-05
-3.01205e-05
-3.00137e-05
-2.99073e-05
-2.98013e-05
-2.96957e-05
-2.95905e-05
-2.94856e-05
-2.93811e-05
-2.9277e-05
-2.91733e-05
-2.90699e-05
-2.89669e-05
-2.88643e-05
-2.87629e-05
-2.86608e-05
-2.85592e-05
-2.84579e-05
-2.8357e-05
-2.82565e-05
-2.81563e-05
-2.80565e-05
-2.79571e-05
-2.7858e-05
-2.77593e-05
-2.76609e-05
-2.75629e-05
-2.74652e-05
-2.73679e-05
-2.72709e-05
-2.71743e-05
-2.7078e-05
-2.69821e-05
-2.68865e-05
-2.67912e-05
-2.66963e-05
-2.66017e-05
-2.65075e-05
-2.64136e-05
-2.632e-05
-2.62267e-05
-2.61338e-05
-2.60412e-05
-2.59489e-05
-2.5857e-05
-2.57654e-05
-2.56741e-05
-2.55831e-05
-2.54925e-05
-2.54022e-05
-2.53122e-05
-2.52225e-05
-2.51332e-05
-2.50442e-05
-2.49554e-05
-2.4867e-05
-2.47789e-05
-2.46911e-05
-2.46037e-05
-2.45165e-05
-2.44297e-05
-2.43431e-05
-2.42569e-05
-2.41709e-05
-2.40853e-05
-2.4e-05
-2.39149e-05
-2.38302e-05
-2.37458e-05
-2.36616e-05
-2.35778e-05
-2.34943e-05
-2.3411e-05
-2.33281e-05
-2.32454e-05
-2.3163e-05
-2.3081e-05
-2.29992e-05
-2.29177e-05
-2.28365e-05
-2.27556e-05
-2.2675e-05
-2.25946e-05
-2.25146e-05
-2.24348e-05
-2.23553e-05
-2.22761e-05
-2.21971e-05
-2.21185e-05
-2.20401e-05
-2.1962e-05
-2.18842e-05
-2.18067e-05
-2.17294e-05
-2.16524e-05
-2.15757e-05
-2.14992e-05
-2.14231e-05
-2.13472e-05
-2.12716e-05
-2.11962e-05
-2.11212e-05
-2.10463e-05
-2.09718e-05
-2.08975e-05
-2.08235e-05
-2.07497e-05
-2.06762e-05
-2.0603e-05
-2.053e-05
-2.04572e-05
-2.03848e-05
-2.03126e-05
-2.02406e-05
-2.01689e-05
-2.00975e-05
-2.00263e-05
-1.99553e-05
-1.98846e-05
-1.98142e-05
-1.9744e-05
-1.96741e-05
-1.96044e-05
-1.95349e-05
-1.94657e-05
-1.93968e-05
-1.9328e-05
-1.92596e-05
-1.91913e-05
-1.91234e-05
-1.90556e-05
-1.89881e-05
-1.89208e-05
-1.88538e-05
-1.8787e-05
-1.87205e-05
-1.86542e-05
-1.85881e-05
-1.85222e-05
-1.84566e-05
-1.83912e-05
-1.83261e-05
-1.82611e-05
-1.81965e-05
-1.8132e-05
-1.80678e-05
-1.80038e-05
-1.794e-05
-1.78764e-05
-1.78131e-05
-1.775e-05
-1.76871e-05
-1.76244e-05
-1.7562e-05
-1.74998e-05
-1.74378e-05
-1.7376e-05
-1.73145e-05
-1.72532e-05
-1.71921e-05
-1.71312e-05
-1.70705e-05
-1.701e-05
-1.69498e-05
-1.68898e-05
-1.683e-05
-1.67704e-05
-1.6711e-05
-1.66518e-05
-1.65928e-05
-1.6534e-05
-1.64755e-05
-1.64171e-05
-1.6359e-05
-1.63011e-05
-1.62433e-05
-1.61858e-05
-1.61285e-05
-1.60713e-05
-1.60144e-05
-1.59577e-05
-1.59012e-05
-1.58449e-05
-1.57888e-05
-1.57328e-05
-1.56771e-05
-1.56216e-05
-1.55663e-05
-1.55111e-05
-1.54562e-05
-1.54016e-05
-1.53472e-05
-1.5293e-05
-1.5239e-05
-1.51852e-05
-1.51315e-05
-1.50781e-05
-1.50248e-05
-1.49718e-05
-1.49189e-05
-1.48662e-05
-1.48137e-05
-1.47614e-05
-1.47092e-05
-1.46573e-05
-1.46055e-05
-1.45539e-05
-1.45025e-05
-1.44513e-05
-1.44002e-05
-1.43494e-05
-1.42987e-05
-1.42482e-05
-1.41979e-05
-1.41477e-05
-1.40978e-05
-1.4048e-05
-1.39984e-05
-1.39489e-05
-1.38997e-05
-1.38506e-05
-1.38017e-05
-1.37529e-05
-1.37044e-05
-1.3656e-05
-1.36078e-05
-1.35597e-05
-1.35118e-05
-1.34641e-05
-1.34166e-05
-1.33692e-05
-1.3322e-05
-1.32749e-05
-1.32281e-05
-1.31814e-05
-1.31348e-05
-1.30884e-05
-1.30422e-05
-1.29961e-05
-1.29502e-05
-1.29045e-05
-1.28589e-05
-1.28135e-05
-1.27683e-05
-1.27232e-05
-1.26783e-05
-1.26335e-05
-1.25889e-05
-1.25444e-05
-1.25001e-05
-1.2456e-05
-1.2412e-05
-1.23682e-05
-1.23245e-05
-1.2281e-05
-1.22376e-05
-1.21944e-05
-1.21514e-05
-1.21085e-05
-1.20657e-05
-1.20231e-05
-1.19807e-05
-1.19384e-05
-1.18962e-05
-1.18542e-05
-1.18123e-05
-1.17706e-05
-1.17291e-05
-1.16877e-05
-1.16464e-05
-1.16053e-05
-1.15643e-05
-1.15235e-05
-1.14828e-05
-1.14423e-05
-1.14019e-05
-1.13616e-05
-1.13215e-05
-1.12815e-05
-1.12417e-05
-1.1202e-05
-1.11625e-05
-1.11231e-05
-1.10838e-05
-1.10447e-05
-1.10057e-05
-1.09668e-05
-1.09281e-05
-1.08895e-05
-1.08511e-05
-1.08128e-05
-1.07746e-05
-1.07366e-05
-1.06987e-05
-1.06609e-05
-1.06233e-05
-1.05858e-05
-1.05484e-05
-1.05112e-05
-1.04741e-05
-1.04371e-05
-1.04003e-05
-1.03636e-05
-1.0327e-05
-1.02905e-05
-1.02543e-05
-1.02181e-05
-1.0182e-05
-1.0146e-05
-1.01102e-05
-1.00745e-05
-1.0039e-05
-1.00036e-05
-9.96825e-06
-9.93308e-06
-9.89802e-06
-9.8631e-06
-9.82829e-06
-9.79361e-06
-9.75905e-06
-9.72461e-06
-9.69029e-06
-9.65609e-06
-9.62201e-06
-9.58805e-06
-9.55422e-06
-9.5205e-06
-9.4869e-06
-9.45342e-06
-9.42005e-06
-9.38681e-06
-9.35368e-06
-9.32067e-06
-9.28778e-06
-9.255e-06
-9.22234e-06
-9.1898e-06
-9.15737e-06
-9.12505e-06
-9.09285e-06
-9.06077e-06
-9.02879e-06
-8.99693e-06
-8.96519e-06
-8.93355e-06
-8.90203e-06
-8.87062e-06
-8.83932e-06
-8.80813e-06
-8.77705e-06
-8.74608e-06
-8.71523e-06
-8.68448e-06
-8.65384e-06
-8.6233e-06
-8.59288e-06
-8.56256e-06
-8.53235e-06
-8.50225e-06
-8.47226e-06
-8.44237e-06
-8.41258e-06
-8.38291e-06
-8.35333e-06
-8.32386e-06
-8.2945e-06
-8.26524e-06
-8.23608e-06
-8.20703e-06
-8.17808e-06
-8.14923e-06
-8.12048e-06
-8.09184e-06
-8.0633e-06
-8.03485e-06
-8.00651e-06
-7.97827e-06
-7.95013e-06
-7.92209e-06
-7.89415e-06
-7.8663e-06
-7.83856e-06
-7.81091e-06
-7.78336e-06
-7.75591e-06
-7.72856e-06
-7.7013e-06
-7.67414e-06
-7.64707e-06
-7.6201e-06
-7.59323e-06
-7.56645e-06
-7.53976e-06
-7.51317e-06
-7.48668e-06
-7.46028e-06
-7.43397e-06
-7.40775e-06
-7.38163e-06
-7.3556e-06
-7.32966e-06
-7.30382e-06
-7.27806e-06
-7.2524e-06
-7.22683e-06
-7.20134e-06
-7.17595e-06
-7.15065e-06
-7.12544e-06
-7.10031e-06
-7.07528e-06
-7.05033e-06
-7.02547e-06
-7.0007e-06
-6.97602e-06
-6.95143e-06
-6.92692e-06
-6.9025e-06
-6.87816e-06
-6.85392e-06
-6.82975e-06
-6.80568e-06
-6.78168e-06
-6.75778e-06
-6.73395e-06
-6.71022e-06
-6.68656e-06
-6.66299e-06
-6.6395e-06
-6.6161e-06
-6.59278e-06
-6.56954e-06
-6.54638e-06
-6.52331e-06
-6.50031e-06
-6.4774e-06
-6.45457e-06
-6.43182e-06
-6.40915e-06
-6.38656e-06
-6.36405e-06
-6.34162e-06
-6.31927e-06
-6.297e-06
-6.27481e-06
-6.2527e-06
-6.23066e-06
-6.2087e-06
-6.18682e-06
-6.16502e-06
-6.1433e-06
-6.12165e-06
-6.10008e-06
-6.07858e-06
-6.05716e-06
-6.03582e-06
-6.01455e-06
-5.99336e-06
-5.97224e-06
-5.9512e-06
-5.93023e-06
-5.90933e-06
-5.88851e-06
-5.86777e-06
-5.84709e-06
-5.82649e-06
-5.80597e-06
-5.78551e-06
-5.76513e-06
-5.74482e-06
-5.72458e-06
-5.70441e-06
-5.68432e-06
-5.66429e-06
-5.64434e-06
-5.62446e-06
-5.60465e-06
-5.5849e-06
-5.56523e-06
-5.54563e-06
-5.52609e-06
-5.50663e-06
-5.48723e-06
-5.46791e-06
-5.44865e-06
-5.42946e-06
-5.41034e-06
-5.39128e-06
-5.37229e-06
-5.35337e-06
-5.33452e-06
-5.31574e-06
-5.29702e-06
-5.27836e-06
-5.25977e-06
-5.24125e-06
-5.2228e-06
-5.2044e-06
-5.18608e-06
-5.16782e-06
-5.14962e-06
-5.13149e-06
-5.11342e-06
-5.09542e-06
-5.07748e-06
-5.0596e-06
-5.04179e-06
-5.02404e-06
-5.00635e-06
-4.98872e-06
-4.97116e-06
-4.95366e-06
-4.93622e-06
-4.91884e-06
-4.90153e-06
-4.88427e-06
-4.86708e-06
-4.84995e-06
-4.83288e-06
-4.81587e-06
-4.79892e-06
-4.78202e-06
-4.76519e-06
-4.74842e-06
-4.73171e-06
-4.71506e-06
-4.69846e-06
-4.68193e-06
-4.66545e-06
-4.64903e-06
-4.63267e-06
-4.61637e-06
-4.60012e-06
-4.58393e-06
-4.5678e-06
-4.55173e-06
-4.53571e-06
-4.51976e-06
-4.50385e-06
-4.48801e-06
-4.47221e-06
-4.45648e-06
-4.4408e-06
-4.42518e-06
-4.40961e-06
-4.39409e-06
-4.37864e-06
-4.36323e-06
-4.34788e-06
-4.33259e-06
-4.31735e-06
-4.30216e-06
-4.28703e-06
-4.27195e-06
-4.25692e-06
-4.24195e-06
-4.22703e-06
-4.21216e-06
-4.19735e-06
-4.18258e-06
-4.16787e-06
-4.15322e-06
-4.13861e-06
-4.12406e-06
-4.10955e-06
-4.0951e-06
-4.0807e-06
-4.06635e-06
-4.05205e-06
-4.03781e-06
-4.02361e-06
-4.00946e-06
-3.99536e-06
-3.98132e-06
-3.96732e-06
-3.95337e-06
-3.93947e-06
-3.92562e-06
-3.91182e-06
-3.89807e-06
-3.88437e-06
-3.87071e-06
-3.85711e-06
-3.84355e-06
-3.83004e-06
-3.81658e-06
-3.80316e-06
-3.78979e-06
-3.77647e-06
-3.7632e-06
-3.74997e-06
-3.7368e-06
-3.72366e-06
-3.71058e-06
-3.69754e-06
-3.68454e-06
-3.6716e-06
-3.6587e-06
-3.64584e-06
-3.63303e-06
-3.62026e-06
-3.60754e-06
-3.59487e-06
-3.58224e-06
-3.56965e-06
-3.55711e-06
-3.54462e-06
-3.53216e-06
-3.51976e-06
-3.50739e-06
-3.49507e-06
-3.48279e-06
-3.47056e-06
-3.45837e-06
-3.44622e-06
-3.43412e-06
-3.42206e-06
-3.41004e-06
-3.39806e-06
-3.38613e-06
-3.37424e-06
-3.36239e-06
-3.35058e-06
-3.33882e-06
-3.32709e-06
-3.31541e-06
-3.30377e-06
-3.29217e-06
-3.28061e-06
-3.26909e-06
-3.25762e-06
-3.24618e-06
-3.23478e-06
-3.22343e-06
-3.21211e-06
-3.20084e-06
-3.1896e-06
-3.1784e-06
-3.16725e-06
-3.15613e-06
-3.14505e-06
-3.13402e-06
-3.12302e-06
-3.11206e-06
-3.10114e-06
-3.09025e-06
-3.07941e-06
-3.0686e-06
-3.05784e-06
-3.04711e-06
-3.03641e-06
-3.02576e-06
-3.01514e-06
-3.00457e-06
-2.99402e-06
-2.98352e-06
-2.97305e-06
-2.96263e-06
-2.95223e-06
-2.94188e-06
-2.93156e-06
-2.92128e-06
-2.91103e-06
-2.90082e-06
-2.89065e-06
-2.88051e-06
-2.87041e-06
-2.86034e-06
-2.85031e-06
-2.84031e-06
-2.83035e-06
-2.82043e-06
-2.81054e-06
-2.80069e-06
-2.79087e-06
-2.78108e-06
-2.77133e-06
-2.76162e-06
-2.75193e-06
-2.74229e-06
-2.73267e-06
-2.7231e-06
-2.71355e-06
-2.70404e-06
-2.69456e-06
-2.68512e-06
-2.67571e-06
-2.66633e-06
-2.65699e-06
-2.64768e-06
-2.6384e-06
-2.62915e-06
-2.61994e-06
-2.61076e-06
-2.60161e-06
-2.5925e-06
-2.58342e-06
-2.57437e-06
-2.56535e-06
-2.55636e-06
-2.54741e-06
-2.53848e-06
-2.52959e-06
-2.52073e-06
-2.5119e-06
-2.5031e-06
-2.49434e-06
-2.4856e-06
-2.4769e-06
-2.46823e-06
-2.45958e-06
-2.45097e-06
-2.44239e-06
-2.43384e-06
-2.42532e-06
-2.41682e-06
-2.40836e-06
-2.39993e-06
-2.39153e-06
-2.38316e-06
-2.37482e-06
-2.36651e-06
-2.35822e-06
-2.34997e-06
-2.34175e-06
-2.33355e-06
-2.32538e-06
-2.31725e-06
-2.30914e-06
-2.30106e-06
-2.29301e-06
-2.28498e-06
-2.27699e-06
-2.26902e-06
-2.26109e-06
-2.25318e-06
-2.24529e-06
-2.23744e-06
-2.22961e-06
-2.22182e-06
-2.21404e-06
-2.2063e-06
-2.19859e-06
-2.1909e-06
-2.18324e-06
-2.1756e-06
-2.16799e-06
-2.16041e-06
-2.15286e-06
-2.14533e-06
-2.13783e-06
-2.13036e-06
-2.12291e-06
-2.11549e-06
-2.1081e-06
-2.10073e-06
-2.09339e-06
-2.08607e-06
-2.07878e-06
-2.07151e-06
-2.06428e-06
-2.05706e-06
-2.04988e-06
-2.04271e-06
-2.03558e-06
-2.02846e-06
-2.02138e-06
-2.01432e-06
-2.00728e-06
-2.00027e-06
-1.99328e-06
-1.98632e-06
-1.97938e-06
-1.97247e-06
-1.96558e-06
-1.95872e-06
-1.95188e-06
-1.94506e-06
-1.93827e-06
-1.9315e-06
-1.92476e-06
-1.91804e-06
-1.91134e-06
-1.90467e-06
-1.89802e-06
-1.8914e-06
-1.8848e-06
-1.87822e-06
-1.87166e-06
-1.86513e-06
-1.85862e-06
-1.85214e-06
-1.84568e-06
-1.83924e-06
-1.83282e-06
-1.82643e-06
-1.82005e-06
-1.81371e-06
-1.80738e-06
-1.80107e-06
-1.79479e-06
-1.78853e-06
-1.7823e-06
-1.77608e-06
-1.76989e-06
-1.76372e-06
-1.75757e-06
-1.75144e-06
-1.74533e-06
-1.73925e-06
-1.73583e-06
-1.72868e-06
-1.72205e-06
-1.7154e-06
-1.70876e-06
-1.70219e-06
-1.69572e-06
-1.68944e-06
-1.68339e-06
-1.67738e-06
-1.6714e-06
-1.66546e-06
-1.65955e-06
-1.65368e-06
-1.64783e-06
-1.64202e-06
-1.63624e-06
-1.63049e-06
-1.62477e-06
-1.61907e-06
-1.61341e-06
-1.60777e-06
-1.60215e-06
-1.59656e-06
-1.591e-06
-1.5855e-06
-1.58007e-06
-1.57466e-06
-1.56927e-06
-1.56389e-06
-1.55854e-06
-1.55321e-06
-1.54789e-06
-1.54259e-06
-1.53731e-06
-1.53205e-06
-1.5268e-06
-1.52157e-06
-1.51636e-06
-1.51116e-06
-1.50598e-06
-1.50081e-06
-1.49566e-06
-1.49053e-06
-1.48541e-06
-1.48031e-06
-1.47523e-06
-1.47016e-06
-1.46511e-06
-1.46007e-06
-1.45505e-06
-1.45005e-06
-1.44506e-06
-1.44009e-06
-1.43513e-06
