0.530748
0.492443
0.48867
0.489031
0.483397
0.490232
0.48421
0.481484
0.481088
0.494406
0.485336
0.48144
0.481992
0.49099
0.490103
0.483218
0.488381
0.484666
0.492179
0.482309
0.480227
0.488312
0.503318
0.489317
0.482769
0.48087
0.481342
0.484464
0.487257
0.481476
0.480092
0.487384
0.488097
0.478139
0.493878
0.500105
0.486261
0.493537
0.488063
0.487388
0.486836
0.48077
0.478872
0.482502
0.479194
0.496309
0.502644
0.4836
0.484307
0.489291
0.489282
0.486917
0.487196
0.480331
0.481871
0.485497
0.48731
0.489315
0.482119
0.482494
0.482701
0.483542
0.492886
0.478056
0.488698
0.483984
0.485648
0.4792
0.491934
0.481096
0.486082
0.481416
0.493154
0.487568
0.486511
0.479427
0.484356
0.497445
0.478763
0.490019
0.48639
0.486015
0.480717
0.491641
0.483513
0.490353
0.490776
0.486259
0.484499
0.483068
0.487498
0.483005
0.491585
0.487273
0.494014
0.498288
0.491097
0.486329
0.487539
0.484179
0.484463
0.479908
0.478895
0.481365
0.487303
0.485575
0.487639
0.483923
0.487535
0.488269
0.488819
0.480112
0.490565
0.483174
0.489602
0.490658
0.48564
0.483789
0.483704
0.486042
0.487729
0.488212
0.485786
0.485333
0.48571
0.492371
0.48765
0.488039
0.481433
0.493538
0.484943
0.492988
0.481408
0.479963
0.485988
0.495526
0.479988
0.489295
0.484887
0.480469
0.487252
0.50276
0.484309
0.490575
0.485493
0.477454
0.484146
0.486142
0.477393
0.480385
0.479203
0.486616
0.485345
0.48375
0.490714
0.486876
0.481344
0.484858
0.496951
0.482503
0.481353
0.492841
0.481101
0.493583
0.488691
0.478522
0.479351
0.48661
0.478965
0.484856
0.483123
0.492061
0.479491
0.490075
0.492124
0.484326
0.490483
0.486435
0.477478
0.484497
0.487343
0.486434
0.481593
0.494281
0.479919
0.484745
0.485338
0.48149
0.48627
0.484475
0.494157
0.481854
0.488211
0.481909
0.490832
0.481538
0.477252
0.477649
0.483921
0.478385
0.484656
0.485326
0.485373
0.48288
0.482012
0.486172
0.490917
0.482933
0.488998
0.484204
0.488617
0.491377
0.481527
0.488738
0.482503
0.490539
0.485987
0.489272
0.48083
0.490127
0.477475
0.487775
0.482272
0.483056
0.480479
0.485186
0.485466
0.483452
0.483369
0.488408
0.488097
0.484687
0.486238
0.486213
0.486288
0.485757
0.489547
0.487021
0.485902
0.490554
0.483738
0.491943
0.484733
0.494705
0.502287
0.479234
0.490237
0.480635
0.496481
0.496983
0.484072
0.495444
0.49125
0.483622
0.481884
0.478328
0.485974
0.477001
0.485097
0.478891
0.482177
0.48788
0.487604
0.500848
0.487533
0.489384
0.488061
0.481618
0.490714
0.4791
0.494812
0.483246
0.480472
0.489338
0.481243
0.492629
0.481396
0.484095
0.483853
0.488128
0.486707
0.485304
0.485204
0.485835
0.484163
0.486661
0.498549
0.491723
0.479635
0.489262
0.490608
0.479013
0.48299
0.48809
0.487125
0.487469
0.484139
0.4901
0.481506
0.485294
0.484571
0.49515
0.484248
0.487115
0.487258
0.487026
0.476673
0.481352
0.491633
0.492571
0.488922
0.483459
0.481768
0.49126
0.483261
0.475912
0.493831
0.486084
0.488362
0.482995
0.492879
0.489694
0.489698
0.478707
0.489715
0.482881
0.489055
0.482448
0.488798
0.484763
0.486679
0.49042
0.492165
0.491842
0.489517
0.483955
0.489285
0.489041
0.490479
0.486742
0.490502
0.491479
0.487408
0.482283
0.473889
0.4782
0.488019
0.481617
0.485804
0.479219
0.479965
0.485262
0.488806
0.493511
0.483009
0.485024
0.486411
0.490591
0.483097
0.489434
0.484928
0.491668
0.484111
0.486279
0.493927
0.479666
0.481584
0.483508
0.489195
0.487266
0.487946
0.482658
0.491667
0.480891
0.487916
0.482784
0.485985
0.484214
0.487022
0.479923
0.483713
0.488254
0.484901
0.480814
0.485311
0.48029
0.493623
0.483351
0.495037
0.486331
0.493126
0.481041
0.489307
0.485742
0.490589
0.497314
0.486211
0.487708
0.48556
0.497483
0.476154
0.484952
0.485572
0.48413
0.485838
0.482008
0.490337
0.484081
0.488162
0.483976
0.480172
0.487897
0.484603
0.489008
0.48946
0.483124
0.47912
0.491214
0.500209
0.501359
0.491462
0.47927
0.484688
0.490357
0.482922
0.481016
0.488336
0.482872
0.494591
0.490993
0.492272
0.483682
0.487791
0.493845
0.482969
0.487475
0.493041
0.482665
0.487716
0.492858
0.482807
0.493806
0.478048
0.479954
0.487987
0.486599
0.485844
0.481221
0.489575
0.477907
0.490958
0.491666
0.491354
0.483139
0.481873
0.49063
0.48477
0.495132
0.496385
0.490794
0.485544
0.488928
0.493774
0.489156
0.479907
0.485126
0.480935
0.492758
0.488011
0.489044
0.482077
0.483313
0.483974
0.488632
0.478109
0.481176
0.490476
0.47786
0.47919
0.484848
0.482572
0.486809
0.488202
0.492271
0.482879
0.491773
0.490542
0.487295
0.487965
0.488427
0.497823
0.489134
0.483497
0.488495
0.482265
0.481175
0.50606
0.507107
0.48978
0.483945
0.480739
0.489239
0.503987
0.494046
0.481927
0.476518
0.48791
0.485645
0.482405
0.487388
0.49496
0.489817
0.488835
0.484998
0.485191
0.481096
0.479793
0.484791
0.486328
0.481356
0.476874
0.490479
0.489906
0.491376
0.4853
0.487793
0.485778
0.485116
0.490273
0.499392
0.479052
0.486114
0.482026
0.479861
0.486097
0.482165
0.479457
0.486072
0.482228
0.485443
0.485764
0.482105
0.479428
0.485972
0.48252
0.480279
0.486054
0.483025
0.480394
0.486253
0.481798
0.486193
0.486138
0.482692
0.479144
0.486
0.48251
0.479678
0.486844
0.482457
0.479409
0.486091
0.48625
0.483118
0.486044
0.482571
0.479143
0.486051
0.482664
0.479949
0.48636
0.48752
0.479474
0.487356
0.482309
0.479209
0.486189
0.482075
0.479411
0.486642
0.482059
0.485717
0.486225
0.482392
0.479841
0.486698
0.482017
0.479285
0.486293
0.482099
0.479153
0.486016
0.482081
0.485431
0.485866
0.482609
0.479197
0.486418
0.482234
0.479444
0.485968
0.482356
0.478996
0.48606
0.482201
0.485009
0.486183
0.482539
0.479364
0.486243
0.482236
0.480012
0.486095
0.482419
0.482424
0.489465
0.482923
0.479667
0.485998
0.482353
0.479265
0.486045
0.482164
0.485585
0.486195
0.482158
0.479471
0.486138
0.482818
0.479798
0.485927
0.487502
0.479206
0.486047
0.482175
0.479736
0.487951
0.481962
0.47967
0.48649
0.482017
0.485282
0.485986
0.48272
0.479256
0.48604
0.482324
0.479596
0.486381
0.482668
0.479502
0.491315
0.482084
0.479325
0.485819
0.481907
0.47946
0.486501
0.482401
0.479389
0.494191
0.482977
0.479214
0.486263
0.482667
0.481294
0.48603
0.482401
0.479289
0.486465
0.482035
0.485825
0.48619
0.482849
0.479221
0.486159
0.482348
0.479743
0.486905
0.481997
0.478623
0.488524
0.481528
0.478947
0.484965
0.481549
0.478325
0.484939
0.481526
0.478564
0.485091
0.482348
0.477557
0.484972
0.480473
0.479107
0.484998
0.480586
0.477747
0.485097
0.480337
0.477588
0.48487
0.481029
0.477752
0.485362
0.480654
0.477547
0.485184
0.480581
0.477367
0.485324
0.480671
0.478152
0.4849
0.481174
0.480697
0.485562
0.480958
0.477436
0.484951
0.480534
0.477447
0.485825
0.480458
0.477609
0.485424
0.480773
0.477819
0.485311
0.480813
0.477559
0.484968
0.480799
0.477253
0.484979
0.480322
0.477787
0.484842
0.480551
0.477411
0.485563
0.480522
0.478497
0.485129
0.480271
0.477271
0.484843
0.480776
0.477291
0.485026
0.481824
0.477096
0.485133
0.480537
0.477811
0.485236
0.480354
0.478131
0.485169
0.480181
0.477564
0.484968
0.480541
0.477281
0.485287
0.480275
0.477947
0.485016
0.480454
0.477216
0.485009
0.480426
0.477617
0.485493
0.480276
0.477622
0.484936
0.48061
0.477536
0.485077
0.480433
0.477053
0.485583
0.480542
0.47713
0.484859
0.480535
0.477674
0.485003
0.480729
0.477678
0.485174
0.481911
0.477627
0.485251
0.480505
0.477464
0.484835
0.48074
0.477375
0.486054
0.480676
0.477707
0.485148
0.480694
0.477488
0.485226
0.480635
0.477407
0.484881
0.481454
0.477268
0.485755
0.480823
0.477215
0.484896
0.481944
0.477932
0.485064
0.480461
0.478004
0.485031
0.48072
0.477388
0.485452
0.480441
0.477543
0.485342
0.480744
0.477437
0.485467
0.480738
0.478298
0.485292
0.480572
0.477604
0.485579
0.480995
0.47864
0.484889
0.480573
0.47754
0.485431
0.480854
0.477902
0.485643
0.48091
0.477652
0.485335
0.480547
0.477452
0.485188
0.480882
0.477676
0.485817
0.481432
0.477396
0.485387
0.481075
0.47744
0.485252
0.480739
0.478378
0.485045
0.480583
0.477409
0.485135
0.480897
0.477409
0.485067
0.480545
0.477334
0.485504
0.480619
0.4777
0.487056
0.480689
0.477896
0.485412
0.480664
0.477608
0.48488
0.4805
0.477437
0.485586
0.480323
0.477813
0.485412
0.480647
0.477373
0.485114
0.480553
0.477912
0.485031
0.482234
0.477491
0.485061
0.481319
0.47766
0.485144
0.480388
0.477427
0.485868
0.480518
0.477685
0.485273
0.480337
0.478095
0.485178
0.480711
0.477459
0.485114
0.480747
0.476992
0.485218
0.480581
0.477331
0.485251
0.480492
0.477225
0.484945
0.480309
0.478133
0.485661
0.480283
0.477282
0.48485
0.480306
0.477091
0.484853
0.480398
0.477362
0.485263
0.481171
0.477268
0.48469
0.480916
0.47759
0.485161
0.480458
0.477243
0.484884
0.480743
0.47732
0.485484
0.48248
0.504433
0.506147
0.520753
0.495228
0.509804
0.481843
0.479829
0.486935
0.482619
0.477864
0.487269
0.481246
0.478755
0.487465
0.482316
0.478787
0.488223
0.481688
0.480399
0.48727
0.483063
0.480689
0.487881
0.481108
0.479023
0.487867
0.482159
0.479782
0.487296
0.482308
0.478643
0.489618
0.482142
0.478616
0.488418
0.480953
0.478943
0.488819
0.481358
0.478172
0.488785
0.481197
0.479036
0.487632
0.482814
0.478608
0.488856
0.481323
0.479383
0.487896
0.481565
0.479074
0.488073
0.480968
0.479722
0.488123
0.481893
0.479211
0.487941
0.481855
0.478625
0.488279
0.481153
0.480234
0.487042
0.481774
0.478642
0.487157
0.48245
0.478539
0.487935
0.482338
0.478541
0.487807
0.482742
0.480364
0.488293
0.483887
0.479133
0.487578
0.482352
0.480256
0.487372
0.481683
0.479793
0.487399
0.481789
0.478832
0.487809
0.481927
0.479171
0.487147
0.482572
0.479096
0.487306
0.482937
0.478525
0.488251
0.48181
0.479006
0.487108
0.481312
0.479415
0.48859
0.481828
0.478477
0.488459
0.481949
0.479395
0.487798
0.481673
0.47946
0.487709
0.48189
0.479264
0.48761
0.482826
0.478438
0.487423
0.481917
0.479662
0.487475
0.483082
0.479105
0.488254
0.481568
0.481249
0.487557
0.481539
0.47952
0.489689
0.482248
0.481364
0.488226
0.482898
0.480013
0.48967
0.481437
0.479764
0.48783
0.481596
0.479379
0.48771
0.481999
0.479148
0.487574
0.48186
0.47902
0.488687
0.481781
0.479423
0.488348
0.481434
0.479571
0.487657
0.481251
0.478875
0.488092
0.48239
0.479083
0.487295
0.482203
0.479636
0.48889
0.481807
0.479267
0.488892
0.481362
0.47924
0.487506
0.482281
0.480724
0.487717
0.482028
0.480237
0.488553
0.482771
0.479261
0.487926
0.48175
0.479549
0.488249
0.483329
0.47877
0.489082
0.482005
0.479458
0.487876
0.481913
0.479305
0.488092
0.481809
0.479607
0.487911
0.483031
0.478578
0.490004
0.481697
0.479018
0.48755
0.481192
0.482453
0.487806
0.483863
0.479082
0.487868
0.483167
0.479527
0.488316
0.481809
0.478187
0.489149
0.481438
0.479213
0.489278
0.482269
0.479641
0.486564
0.483033
0.478531
0.487829
0.480886
0.478709
0.487965
0.483652
0.477714
0.488006
0.481493
0.478139
0.482255
0.475858
0.475126
0.48214
0.476094
0.474254
0.481608
0.476055
0.472367
0.482592
0.476038
0.472808
0.481788
0.475799
0.473287
0.476337
0.470033
0.467911
0.476167
0.470505
0.466667
0.475491
0.470986
0.468423
0.476515
0.470045
0.467933
0.47666
0.470675
0.468703
0.476734
0.471101
0.469336
0.476915
0.470456
0.46792
0.476141
0.470523
0.467624
0.476771
0.470328
0.467436
0.477119
0.470961
0.467284
0.476986
0.470206
0.467422
0.476344
0.47063
0.467329
0.477022
0.470808
0.467472
0.477075
0.470163
0.467222
0.47604
0.471247
0.467212
0.47681
0.47065
0.468094
0.475647
0.476156
0.467768
0.475685
0.470048
0.467931
0.476459
0.470858
0.468266
0.476377
0.472182
0.466841
0.476321
0.470342
0.468345
0.476453
0.470918
0.467643
0.476008
0.470213
0.468065
0.476458
0.469687
0.467478
0.477906
0.471225
0.468664
0.476442
0.470309
0.467816
0.476684
0.471361
0.4681
0.476987
0.470521
0.467774
0.476855
0.469932
0.467207
0.476398
0.470681
0.467316
0.475717
0.469833
0.469037
0.475595
0.470652
0.468542
0.476026
0.471272
0.467121
0.476545
0.469549
0.466894
0.476387
0.470332
0.467542
0.476482
0.469983
0.468306
0.476316
0.470804
0.467586
0.476424
0.470132
0.467369
0.476991
0.469713
0.467064
0.476549
0.469611
0.468486
0.475971
0.470007
0.467694
0.475883
0.470358
0.466881
0.476947
0.470197
0.467394
0.476313
0.470376
0.467652
0.476586
0.470344
0.467314
0.478425
0.470215
0.46811
0.476903
0.471121
0.468241
0.476261
0.470492
0.467603
0.477579
0.471943
0.467343
0.476915
0.471004
0.467861
0.476124
0.470625
0.467577
0.476551
0.471993
0.468297
0.477097
0.471094
0.467593
0.477377
0.47095
0.467481
0.476716
0.470453
0.467725
0.476589
0.471259
0.467811
0.476578
0.470614
0.467792
0.476809
0.47039
0.467975
0.477207
0.470102
0.469311
0.477174
0.469921
0.468142
0.476674
0.471184
0.468613
0.476731
0.47076
0.467946
0.476521
0.470631
0.467692
0.476509
0.471399
0.467366
0.476482
0.471195
0.468376
0.47667
0.470137
0.468021
0.478729
0.471697
0.468164
0.476131
0.471316
0.467709
0.477216
0.470234
0.468595
0.477088
0.470689
0.467888
0.478488
0.470218
0.467844
0.476385
0.473619
0.46748
0.475895
0.470785
0.468297
0.477261
0.470211
0.467817
0.479325
0.471219
0.46782
0.476564
0.470022
0.468316
0.475925
0.470477
0.46831
0.476101
0.471967
0.469561
0.477389
0.470992
0.468508
0.477948
0.4723
0.468106
0.476787
0.471662
0.469109
0.477331
0.471366
0.469101
0.477101
0.471957
0.469101
0.477284
0.470748
0.469636
0.476818
0.470903
0.468679
0.477368
0.472202
0.469148
0.47689
0.471782
0.469255
0.476931
0.470933
0.468735
0.477786
0.471629
0.468522
0.477517
0.471895
0.469003
0.476306
0.472321
0.472503
0.476672
0.472151
0.46907
0.477387
0.472642
0.467987
0.478625
0.471254
0.468734
0.478813
0.471205
0.469389
0.477215
0.471664
0.471067
0.476956
0.471849
0.469232
0.476972
0.471618
0.467744
0.477663
0.471534
0.46815
0.477865
0.4714
0.469343
0.476615
0.472785
0.469441
0.477453
0.471655
0.468971
0.477027
0.471813
0.46876
0.477121
0.4729
0.468654
0.477492
0.472303
0.469997
0.478166
0.471075
0.469269
0.476936
0.471535
0.468193
0.477872
0.47109
0.46854
0.478086
0.471728
0.468294
0.477689
0.471071
0.468798
0.477465
0.471461
0.468977
0.47746
0.471141
0.468734
0.477189
0.471208
0.468085
0.476759
0.470963
0.468592
0.477794
0.471771
0.468279
0.477196
0.471667
0.468618
0.476925
0.472915
0.468583
0.477719
0.471079
0.468265
0.477652
0.471399
0.468368
0.477598
0.47186
0.46932
0.477775
0.471655
0.469458
0.476938
0.472406
0.468852
0.476778
0.471487
0.468553
0.477366
0.471044
0.469172
0.477639
0.471206
0.468668
0.477229
0.471066
0.468565
0.4777
0.471512
0.469396
0.476592
0.470734
0.468268
0.4775
0.470508
0.468313
0.478272
0.47114
0.46833
0.478565
0.471736
0.468969
0.477242
0.471325
0.467798
0.476496
0.47297
0.468007
0.47744
0.471518
0.468437
0.477673
0.471106
0.468982
0.47664
0.47181
0.468586
0.477802
0.471514
0.468746
0.476641
0.472426
0.468346
0.478145
0.471012
0.468135
0.477612
0.471223
0.468407
0.478306
0.471172
0.46884
0.477694
0.472764
0.46885
0.476397
0.471507
0.468176
0.477219
0.470829
0.468969
0.476933
0.471768
0.469706
0.477506
0.471135
0.468051
0.477713
0.472166
0.468125
0.477401
0.471728
0.468608
0.477508
0.471395
0.468525
0.477276
0.472511
0.468444
0.476803
0.471386
0.468881
0.477714
0.471809
0.468776
0.476592
0.471394
0.469238
0.477624
0.47235
0.467872
0.477706
0.471375
0.472592
0.477635
0.471729
0.468611
0.47654
0.472217
0.469142
0.477605
0.471527
0.468895
0.477601
0.471149
0.468927
0.47803
0.470784
0.470331
0.477171
0.471669
0.469536
0.477035
0.471672
0.469294
0.477103
0.471626
0.468418
0.477135
0.470879
0.468274
0.478186
0.471466
0.468636
0.477355
0.472393
0.468984
0.477064
0.471132
0.468044
0.477192
0.472044
0.467764
0.478279
0.471171
0.468773
0.477031
0.471131
0.468183
0.477874
0.471128
0.468704
0.478072
0.471772
0.469162
0.476502
0.471456
0.468345
0.477155
0.471491
0.468246
0.478324
0.472068
0.468569
0.477353
0.47124
0.468924
0.477897
0.471494
0.468242
0.477303
0.471689
0.469149
0.477518
0.471918
0.46921
0.47813
0.471503
0.468844
0.477017
0.47085
0.469513
0.478245
0.472358
0.468991
0.477158
0.471098
0.468828
0.477976
0.471083
0.467839
0.477863
0.471824
0.469252
0.477244
0.472337
0.469263
0.476787
0.47148
0.468009
0.477314
0.471367
0.469173
0.477354
0.471932
0.468066
0.47715
0.471219
0.469166
0.47711
0.471207
0.46907
0.476871
0.471805
0.471062
0.477435
0.471631
0.468116
0.477494
0.471276
0.467454
0.477738
0.471482
0.469036
0.477374
0.470758
0.46996
0.477505
0.47107
0.469757
0.477145
0.471712
0.467701
0.477281
0.471146
0.468967
0.477378
0.472207
0.469038
0.477351
0.4717
0.469227
0.477158
0.472497
0.469956
0.477009
0.471192
0.468486
0.478765
0.471489
0.469161
0.478137
0.471799
0.46825
0.477431
0.471414
0.471264
0.47858
0.471688
0.469621
0.479176
0.471496
0.46829
0.477869
0.472657
0.470306
0.478452
0.47096
0.468856
0.477501
0.471327
0.471119
0.477623
0.471609
0.468211
0.477496
0.471207
0.469292
0.478072
0.470955
0.469274
0.477831
0.471724
0.4692
0.47719
0.472488
0.469427
0.476929
0.472372
0.468618
0.477706
0.471698
0.469018
0.47775
0.471984
0.468167
0.477083
0.472184
0.468713
0.477559
0.472473
0.468788
0.476921
0.472148
0.468755
0.477528
0.471866
0.468968
0.478042
0.471367
0.468486
0.478374
0.47168
0.468928
0.477782
0.472102
0.468579
0.477802
0.471523
0.469528
0.477954
0.471722
0.468324
0.477617
0.47154
0.46825
0.47722
0.472323
0.468567
0.478809
0.471085
0.469361
0.476926
0.471355
0.468834
0.498146
0.471162
0.467724
0.477515
0.470625
0.46745
0.47721
0.471425
0.469688
0.476628
0.47034
0.468302
0.47637
0.470955
0.468471
0.476417
0.471142
0.468075
0.478982
0.47068
0.46839
0.477687
0.471055
0.468798
0.477185
0.47083
0.468527
0.476652
0.471048
0.468876
0.476792
0.471486
0.468188
0.47739
0.470988
0.46795
0.476845
0.471054
0.469117
0.47814
0.471058
0.46896
0.47694
0.471632
0.468818
0.476579
0.471059
0.4686
0.477962
0.470897
0.468271
0.476693
0.472427
0.468996
0.476704
0.470515
0.468366
0.476936
0.470772
0.467973
0.476509
0.471433
0.467856
0.478049
0.47119
0.467485
0.476963
0.471034
0.468681
0.476735
0.471014
0.468291
0.476607
0.471146
0.468125
0.476419
0.471701
0.469912
0.477497
0.471045
0.467717
0.477426
0.471515
0.468067
0.476582
0.47103
0.467819
0.476976
0.470998
0.468164
0.476691
0.471397
0.469218
0.477822
0.471201
0.468656
0.477796
0.471226
0.469692
0.477205
0.472134
0.46782
0.477706
0.471953
0.467854
0.471694
0.465542
0.462923
0.472824
0.466418
0.462873
0.472125
0.465006
0.463441
0.472967
0.465677
0.46454
0.471442
0.465938
0.463472
0.471062
0.465757
0.46315
0.472574
0.465301
0.463237
0.471515
0.466521
0.463648
0.47096
0.466353
0.463129
0.472069
0.465862
0.46326
0.471558
0.465431
0.462582
0.472414
0.466158
0.462733
0.472562
0.465299
0.463067
0.471904
0.466668
0.463918
0.47396
0.465687
0.463456
0.471214
0.465394
0.462814
0.471159
0.466637
0.464344
0.472833
0.466405
0.463789
0.47139
0.466199
0.462768
0.471331
0.466905
0.463579
0.472706
0.465531
0.46199
0.472269
0.465969
0.462583
0.4736
0.466222
0.462951
0.471626
0.465565
0.463532
0.471789
0.465577
0.463166
0.471165
0.466509
0.463283
0.471559
0.466279
0.462969
0.471413
0.465997
0.463347
0.472171
0.465974
0.462812
0.472127
0.465869
0.462618
0.472147
0.465437
0.462753
0.472228
0.465569
0.463514
0.472558
0.464943
0.462964
0.472032
0.465841
0.463456
0.472354
0.46072
0.457778
0.466378
0.461048
0.456977
0.467052
0.460979
0.457051
0.466798
0.460662
0.457508
0.467103
0.460265
0.458401
0.46661
0.46043
0.457439
0.46575
0.459992
0.460192
0.466021
0.460318
0.457398
0.466686
0.460547
0.458468
0.466022
0.461546
0.458055
0.466539
0.460954
0.457632
0.466613
0.460825
0.457385
0.467344
0.461031
0.457485
0.466171
0.460353
0.457569
0.466247
0.460995
0.457779
0.46617
0.460298
0.45733
0.466026
0.46077
0.457098
0.467009
0.460325
0.457464
0.467097
0.459966
0.457622
0.466212
0.460421
0.4583
0.46679
0.461006
0.458149
0.466886
0.4614
0.458053
0.46644
0.460266
0.457224
0.468395
0.460442
0.457815
0.466536
0.460771
0.45806
0.465941
0.460829
0.458788
0.466244
0.460662
0.457941
0.466758
0.460613
0.46006
0.465703
0.460715
0.458888
0.466012
0.460619
0.460639
0.466454
0.460199
0.457849
0.466603
0.46066
0.457588
0.466178
0.459968
0.45802
0.466117
0.460664
0.458815
0.466598
0.460299
0.457678
0.466226
0.460661
0.456948
0.46644
0.460542
0.457882
0.467619
0.460491
0.458055
0.466778
0.460381
0.457604
0.467011
0.459611
0.457728
0.465391
0.460726
0.458369
0.466277
0.461058
0.457429
0.467235
0.459793
0.457143
0.467155
0.459995
0.459012
0.467121
0.460092
0.458583
0.465761
0.460854
0.457989
0.466649
0.46039
0.457235
0.466403
0.462833
0.457676
0.466623
0.460519
0.45721
0.46729
0.460144
0.457472
0.468005
0.460212
0.45761
0.466498
0.460629
0.457445
0.466912
0.460885
0.458026
0.466594
0.461219
0.45712
0.46571
0.460847
0.457981
0.466451
0.461302
0.45703
0.466105
0.460414
0.457137
0.467226
0.460221
0.457773
0.466609
0.460158
0.458112
0.466819
0.460652
0.458247
0.468528
0.461446
0.457597
0.466251
0.461357
0.4577
0.467528
0.45971
0.456854
0.46692
0.459902
0.4586
0.466993
0.459794
0.458678
0.46628
0.4599
0.457519
0.466089
0.462012
0.457748
0.466273
0.460353
0.456765
0.466315
0.460511
0.458029
0.467028
0.459404
0.457882
0.466309
0.461558
0.456887
0.465741
0.459999
0.457777
0.466467
0.460151
0.457393
0.465792
0.459829
0.458032
0.466123
0.461202
0.457246
0.467055
0.461311
0.457801
0.466576
0.461597
0.457121
0.467048
0.459664
0.457759
0.46612
0.461185
0.457534
0.467717
0.460383
0.458436
0.46659
0.461048
0.457758
0.46637
0.46048
0.458121
0.466349
0.459951
0.457984
0.466646
0.459892
0.458409
0.467321
0.460211
0.458208
0.467475
0.460545
0.457974
0.46648
0.460932
0.458091
0.466557
0.4609
0.456967
0.467362
0.460417
0.458064
0.467655
0.460811
0.458611
0.466589
0.460571
0.457937
0.466584
0.460464
0.457568
0.467305
0.460919
0.457123
0.466452
0.460766
0.457813
0.46625
0.463594
0.457402
0.467034
0.460111
0.457943
0.466659
0.460012
0.45751
0.466694
0.460251
0.457694
0.466657
0.459816
0.457955
0.466295
0.46065
0.457686
0.465996
0.460568
0.457635
0.466396
0.460456
0.457378
0.467286
0.459929
0.456922
0.467808
0.460148
0.457716
0.465934
0.459948
0.458125
0.466606
0.4605
0.457267
0.465893
0.460708
0.458084
0.467701
0.460993
0.457705
0.466683
0.460162
0.460667
0.466528
0.460489
0.457623
0.466581
0.460682
0.457637
0.466226
0.459961
0.457605
0.466586
0.460194
0.456955
0.466576
0.460677
0.457533
0.466126
0.46023
0.457721
0.466636
0.460712
0.457895
0.466344
0.459813
0.457351
0.466405
0.459943
0.457813
0.467818
0.461291
0.457587
0.465733
0.460683
0.457985
0.466247
0.460723
0.457293
0.465751
0.459974
0.456938
0.467283
0.459873
0.457061
0.467199
0.459792
0.458642
0.467028
0.460362
0.458277
0.466824
0.463151
0.457309
0.465922
0.460914
0.458163
0.466926
0.46074
0.457402
0.466984
0.460121
0.45783
0.466617
0.460668
0.458173
0.466226
0.460731
0.457755
0.46619
0.461011
0.457666
0.466432
0.460145
0.458011
0.466437
0.46025
0.457168
0.466229
0.460235
0.457993
0.466348
0.46068
0.458051
0.46588
0.460117
0.459236
0.466257
0.460375
0.457799
0.46657
0.459665
0.45788
0.465858
0.461649
0.457811
0.466696
0.460071
0.457106
0.46654
0.462528
0.458561
0.467125
0.459609
0.457165
0.466166
0.459592
0.457593
0.466668
0.459605
0.457413
0.465994
0.46023
0.457725
0.466185
0.460467
0.456942
0.466448
0.461255
0.458806
0.467195
0.459534
0.457443
0.466588
0.460119
0.457867
0.466963
0.460363
0.457792
0.466315
0.46026
0.456985
0.466463
0.459793
0.457156
0.466466
0.460085
0.457296
0.466056
0.459484
0.45799
0.465862
0.459472
0.45791
0.466184
0.460198
0.456543
0.466623
0.46167
0.457571
0.466592
0.460971
0.457349
0.467093
0.460524
0.457107
0.465853
0.459885
0.456962
0.466564
0.46061
0.456491
0.466542
0.460357
0.457335
0.465824
0.459274
0.45739
0.466829
0.460025
0.457065
0.466268
0.460759
0.457492
0.465696
0.459838
0.456908
0.46752
0.46028
0.456762
0.467053
0.460161
0.457853
0.466426
0.461428
0.45789
0.466027
0.460908
0.457015
0.46542
0.460123
0.457076
0.466372
0.460452
0.457253
0.466308
0.459991
0.460176
0.466176
0.46038
0.457705
0.466476
0.459998
0.457345
0.466244
0.460407
0.457056
0.466671
0.459993
0.457403
0.466002
0.460258
0.457484
0.466321
0.460005
0.457308
0.467164
0.460027
0.456541
0.465667
0.461071
0.457787
0.467041
0.459652
0.456993
0.466312
0.460296
0.457529
0.466126
0.460215
0.458063
0.466219
0.460365
0.457272
0.466179
0.460245
0.457365
0.466152
0.460284
0.456701
0.466687
0.461095
0.457456
0.466034
0.459766
0.457055
0.468337
0.460372
0.457532
0.46628
0.460659
0.456969
0.466391
0.460283
0.45756
0.466129
0.460503
0.457148
0.466289
0.460266
0.457455
0.465974
0.460741
0.456864
0.465615
0.460843
0.457388
0.467263
0.459999
0.458573
0.466808
0.460311
0.457874
0.466768
0.460248
0.457892
0.466922
0.46032
0.456675
0.465816
0.459718
0.457957
0.466919
0.459955
0.457123
0.468203
0.459245
0.457537
0.465599
0.460034
0.45802
0.465244
0.461817
0.457029
0.466195
0.46088
0.45663
0.466153
0.460933
0.457551
0.466234
0.45981
0.457137
0.465959
0.459894
0.457904
0.466976
0.460256
0.458167
0.465484
0.46019
0.457152
0.465785
0.460541
0.457176
0.466659
0.460592
0.457421
0.465804
0.460352
0.457993
0.466608
0.461353
0.457714
0.467014
0.460636
0.457725
0.466402
0.459902
0.457139
0.466185
0.460589
0.457372
0.466122
0.460412
0.457041
0.465946
0.460712
0.451802
0.460381
0.454297
0.452491
0.460351
0.455305
0.454765
0.461861
0.456815
0.452617
0.463757
0.455078
0.45257
0.460454
0.455433
0.452698
0.460396
0.455995
0.451363
0.461874
0.454197
0.451912
0.461102
0.454973
0.452076
0.461193
0.454779
0.452303
0.460579
0.455085
0.451636
0.460611
0.454756
0.452178
0.460961
0.454789
0.451492
0.461215
0.455118
0.453067
0.460488
0.45507
0.452046
0.460358
0.454548
0.451882
0.46004
0.455302
0.451659
0.461533
0.455307
0.45167
0.461829
0.454976
0.452139
0.463169
0.454979
0.453033
0.461638
0.455028
0.451883
0.460974
0.455201
0.45169
0.461546
0.45582
0.452242
0.461189
0.455837
0.452369
0.461609
0.454217
0.452159
0.460928
0.455369
0.452078
0.460342
0.454636
0.452128
0.460954
0.45528
0.451234
0.461188
0.455237
0.45165
0.460629
0.455138
0.452273
0.461257
0.455295
0.45168
0.460629
0.454389
0.452054
0.461022
0.454005
0.451958
0.460851
0.45478
0.453375
0.460462
0.454825
0.451782
0.460473
0.456718
0.451457
0.461292
0.455416
0.452484
0.461353
0.454253
0.452012
0.461439
0.45423
0.453142
0.461072
0.454539
0.452064
0.460315
0.454564
0.451652
0.460954
0.455002
0.451257
0.461254
0.454404
0.451697
0.461222
0.455085
0.452068
0.461269
0.454938
0.452454
0.460943
0.455121
0.451393
0.46033
0.455037
0.451399
0.461026
0.455439
0.451561
0.461405
0.45391
0.451719
0.460743
0.45407
0.45261
0.461231
0.455106
0.451382
0.461027
0.455129
0.452465
0.461415
0.454683
0.451941
0.461176
0.455344
0.452328
0.461471
0.454342
0.452603
0.460844
0.454511
0.452694
0.460899
0.454697
0.452152
0.460512
0.45476
0.450994
0.461387
0.455727
0.451433
0.460911
0.454489
0.452411
0.461649
0.454815
0.451557
0.460366
0.454711
0.45259
0.461349
0.454426
0.45159
0.46053
0.455722
0.452384
0.46077
0.454689
0.451119
0.461891
0.454737
0.451433
0.460616
0.454431
0.452326
0.461068
0.454428
0.452278
0.460628
0.454375
0.452459
0.46094
0.449459
0.448057
0.455918
0.450567
0.446765
0.455247
0.449481
0.446059
0.456963
0.449127
0.446924
0.455481
0.449015
0.447544
0.454942
0.449575
0.448199
0.455222
0.449737
0.446607
0.45546
0.450052
0.446295
0.455817
0.449043
0.446446
0.456251
0.449609
0.446866
0.455256
0.449305
0.446571
0.455305
0.451042
0.446431
0.454904
0.44884
0.447721
0.455129
0.448207
0.445666
0.455339
0.449498
0.445842
0.454656
0.44851
0.447832
0.454621
0.44899
0.44629
0.455314
0.449108
0.445631
0.455603
0.447932
0.445227
0.455412
0.448155
0.445553
0.454896
0.448466
0.446316
0.455056
0.449604
0.446154
0.455441
0.450182
0.445964
0.455431
0.448792
0.445813
0.455772
0.448972
0.446444
0.455863
0.448705
0.446463
0.455387
0.449295
0.445958
0.454914
0.449528
0.445627
0.455474
0.448846
0.445966
0.455748
0.448396
0.446082
0.455139
0.448455
0.446888
0.455065
0.449029
0.446324
0.454785
0.453095
0.445809
0.455466
0.449738
0.446115
0.455945
0.449334
0.446364
0.455257
0.448814
0.446618
0.454922
0.449397
0.446628
0.454738
0.449368
0.446046
0.455512
0.449184
0.445766
0.45593
0.449559
0.446011
0.455517
0.448632
0.446692
0.455662
0.449087
0.447112
0.454915
0.449271
0.446287
0.4554
0.449539
0.44521
0.455181
0.44935
0.44592
0.455785
0.449011
0.446167
0.455676
0.449284
0.446349
0.455459
0.449414
0.446503
0.455506
0.44937
0.445814
0.455451
0.448635
0.446324
0.455428
0.448827
0.446114
0.455735
0.449361
0.445831
0.454999
0.449197
0.446602
0.455491
0.448947
0.445977
0.455252
0.449252
0.446131
0.455306
0.449072
0.446436
0.455138
0.44919
0.446582
0.455219
0.449071
0.446009
0.455057
0.448921
0.445674
0.455403
0.450057
0.446341
0.455522
0.449777
0.445912
0.456651
0.449193
0.445975
0.45498
0.448847
0.446047
0.456412
0.448818
0.446827
0.455256
0.449133
0.446146
0.454801
0.451043
0.446318
0.455338
0.449269
0.446793
0.45691
0.448833
0.446284
0.455442
0.448806
0.446152
0.455272
0.450702
0.446135
0.454905
0.449545
0.446334
0.455276
0.449304
0.445824
0.455603
0.449368
0.44613
0.455507
0.448836
0.446324
0.4555
0.44944
0.447688
0.455218
0.449129
0.446001
0.454957
0.449697
0.445736
0.454945
0.449335
0.445846
0.456799
0.448651
0.446402
0.455648
0.449712
0.44625
0.455699
0.449097
0.446436
0.454774
0.44944
0.445376
0.459345
0.449024
0.445687
0.456015
0.449005
0.445599
0.45526
0.448911
0.446028
0.455059
0.449433
0.446482
0.45468
0.449653
0.446361
0.454959
0.44914
0.445773
0.455474
0.448807
0.447744
0.455382
0.448799
0.446739
0.455038
0.449015
0.446937
0.455523
0.449877
0.445922
0.454378
0.449354
0.446081
0.456223
0.448658
0.445702
0.456144
0.448714
0.447255
0.455162
0.448588
0.446481
0.454946
0.450295
0.446047
0.455155
0.449574
0.44584
0.455724
0.448832
0.44588
0.454624
0.447954
0.447259
0.454385
0.44832
0.445809
0.454426
0.449022
0.446037
0.45409
0.449156
0.444989
0.455068
0.449369
0.445909
0.455771
0.449652
0.446215
0.454949
0.449121
0.446718
0.455084
0.448992
0.446163
0.455088
0.449606
0.445665
0.455319
0.449096
0.445748
0.455353
0.44841
0.445998
0.455575
0.449481
0.446616
0.455731
0.448757
0.44613
0.454664
0.449203
0.446363
0.455491
0.449832
0.446424
0.455922
0.448698
0.446014
0.456662
0.448423
0.446146
0.454984
0.449223
0.446309
0.45469
0.449511
0.446593
0.455169
0.449024
0.445919
0.457445
0.449121
0.44601
0.455108
0.448722
0.44641
0.455466
0.449077
0.446687
0.45502
0.449058
0.44609
0.455411
0.449201
0.446071
0.45531
0.449669
0.446185
0.455025
0.448591
0.446431
0.455524
0.44872
0.445733
0.454668
0.449555
0.445997
0.455069
0.448996
0.446025
0.455931
0.448902
0.445844
0.455783
0.448976
0.446669
0.455123
0.449192
0.447073
0.455234
0.449431
0.451212
0.455658
0.44869
0.4464
0.455519
0.448861
0.446239
0.455693
0.449628
0.446351
0.455512
0.449118
0.446137
0.455412
0.448693
0.446269
0.455995
0.450192
0.446192
0.455356
0.448914
0.446635
0.45458
0.449315
0.447
0.455837
0.449522
0.445833
0.45542
0.448844
0.448544
0.455841
0.449165
0.44617
0.455685
0.448962
0.446053
0.455254
0.449177
0.446568
0.455594
0.449464
0.446822
0.456103
0.448991
0.446677
0.455779
0.448836
0.446823
0.455371
0.449308
0.447049
0.45538
0.449434
0.446857
0.454999
0.449265
0.445798
0.455945
0.449371
0.445797
0.4562
0.448626
0.44571
0.455447
0.448292
0.446745
0.455543
0.449623
0.4464
0.45503
0.449969
0.446121
0.455496
0.450039
0.445994
0.455778
0.448889
0.44634
0.455801
0.44864
0.447348
0.455191
0.44998
0.446732
0.455356
0.449623
0.446948
0.455272
0.449025
0.445611
0.455656
0.448778
0.446062
0.456083
0.448743
0.447512
0.455206
0.44912
0.446857
0.455566
0.449418
0.446079
0.454796
0.44949
0.44582
0.455556
0.449087
0.4461
0.456216
0.448901
0.446465
0.454946
0.448923
0.447013
0.455741
0.449788
0.446184
0.454927
0.451707
0.446422
0.45586
0.448876
0.445646
0.455324
0.448853
0.447038
0.455653
0.448729
0.446584
0.455518
0.449072
0.446213
0.45574
0.449306
0.445814
0.455794
0.44901
0.446372
0.457072
0.449035
0.446556
0.455546
0.448471
0.447207
0.455373
0.450339
0.446355
0.455387
0.449572
0.445753
0.455423
0.449601
0.445627
0.455606
0.448511
0.446255
0.455614
0.450529
0.446659
0.455224
0.449084
0.446347
0.454723
0.449551
0.445899
0.455615
0.449445
0.446594
0.455852
0.44934
0.446139
0.455777
0.449142
0.44675
0.45542
0.449493
0.446128
0.455059
0.450087
0.446264
0.455448
0.448926
0.446368
0.455257
0.448927
0.446152
0.455511
0.448766
0.446452
0.455489
0.449407
0.446245
0.450083
0.443315
0.440386
0.450085
0.443826
0.440763
0.453563
0.443726
0.440968
0.449939
0.443493
0.441258
0.450156
0.443611
0.440582
0.450491
0.443806
0.440335
0.450266
0.443382
0.440373
0.450038
0.443781
0.440845
0.450244
0.443622
0.441565
0.450374
0.443629
0.44082
0.450122
0.444389
0.441069
0.449716
0.443344
0.440537
0.450199
0.443637
0.440965
0.449902
0.443537
0.44104
0.450617
0.443933
0.441277
0.449535
0.44391
0.440516
0.450644
0.444151
0.440471
0.450288
0.443692
0.441588
0.450285
