9421.7
0.649115
0.640572
0.643449
0.635618
0.642093
0.636172
0.633561
0.63314
0.646391
0.637212
0.633149
0.63396
0.642697
0.644858
0.636903
0.640672
0.63673
0.64432
0.63407
0.632215
0.640053
0.655374
0.641163
0.634608
0.633048
0.632814
0.63624
0.639159
0.63313
0.632005
0.639142
0.639991
0.631975
0.646023
0.651843
0.638147
0.646139
0.641754
0.640638
0.638378
0.6329
0.631072
0.634328
0.63128
0.648861
0.654779
0.635327
0.636431
0.641173
0.641245
0.638973
0.639675
0.632058
0.635185
0.637778
0.639263
0.641373
0.633874
0.634696
0.634629
0.635431
0.644867
0.630064
0.640873
0.637725
0.63819
0.631008
0.644301
0.632983
0.638107
0.633351
0.645041
0.639304
0.638549
0.633442
0.636186
0.649957
0.630569
0.642423
0.638548
0.637862
0.633896
0.643614
0.635799
0.642181
0.64279
0.638323
0.636374
0.635199
0.63994
0.635464
0.643509
0.639629
0.646035
0.650052
0.643143
0.638324
0.639609
0.635743
0.636736
0.632116
0.631193
0.633611
0.639574
0.637402
0.640307
0.636726
0.639316
0.640185
0.640724
0.63185
0.642771
0.635351
0.641435
0.642732
0.637487
0.635846
0.635798
0.638104
0.640218
0.641849
0.637675
0.6377
0.638423
0.645688
0.640266
0.640125
0.633295
0.645471
0.637398
0.64524
0.634263
0.631808
0.638109
0.647437
0.633265
0.641213
0.637355
0.632139
0.639469
0.65481
0.637024
0.643172
0.637797
0.629644
0.636413
0.638026
0.630985
0.632645
0.632481
0.638403
0.637622
0.637399
0.643166
0.638966
0.633515
0.637479
0.649412
0.63586
0.633054
0.646174
0.633242
0.645512
0.640779
0.632315
0.631221
0.638428
0.631324
0.636859
0.63539
0.644244
0.63134
0.641922
0.644321
0.636454
0.642213
0.638487
0.629382
0.636907
0.639315
0.638792
0.634001
0.647489
0.631624
0.636937
0.637216
0.633555
0.641705
0.636892
0.646085
0.633848
0.640095
0.633949
0.642618
0.633375
0.629522
0.629628
0.635747
0.630569
0.636639
0.63789
0.638911
0.634791
0.633651
0.638115
0.642781
0.635359
0.642617
0.636081
0.64073
0.644964
0.633859
0.642273
0.634471
0.642794
0.638178
0.643258
0.632919
0.641986
0.629469
0.639827
0.634006
0.635054
0.632639
0.637447
0.63802
0.635775
0.635767
0.640793
0.640523
0.636797
0.638604
0.638752
0.638423
0.638219
0.64163
0.639067
0.63844
0.64268
0.637375
0.644065
0.637934
0.647258
0.656318
0.631935
0.642556
0.633168
0.649789
0.649571
0.636181
0.648578
0.643588
0.635911
0.634044
0.63053
0.638208
0.629609
0.637413
0.631116
0.635909
0.640109
0.63971
0.653973
0.640129
0.64279
0.640955
0.634022
0.643212
0.631612
0.648632
0.635726
0.632747
0.64162
0.633478
0.644903
0.633424
0.637116
0.636149
0.640499
0.63903
0.637988
0.638884
0.639226
0.636682
0.639434
0.6554
0.644685
0.633614
0.642051
0.643396
0.6313
0.635313
0.640628
0.639705
0.641359
0.636532
0.642574
0.633842
0.637983
0.637464
0.648991
0.637187
0.639521
0.640321
0.639591
0.629603
0.634024
0.645984
0.645318
0.641345
0.636277
0.634279
0.643778
0.636383
0.628937
0.647093
0.63866
0.641681
0.635614
0.647143
0.642504
0.642337
0.631568
0.644133
0.635681
0.641673
0.635065
0.641385
0.637518
0.639348
0.643082
0.646446
0.644557
0.642367
0.637272
0.642325
0.643366
0.643314
0.639915
0.644335
0.644249
0.64206
0.635242
0.626557
0.631035
0.640998
0.636177
0.640443
0.631846
0.634247
0.639633
0.64361
0.647176
0.636446
0.638053
0.639566
0.643362
0.63648
0.642588
0.639457
0.644518
0.636894
0.639442
0.647212
0.632638
0.634626
0.636445
0.642511
0.640347
0.640764
0.635955
0.644965
0.634418
0.640955
0.636098
0.639964
0.637965
0.640012
0.633401
0.637109
0.64137
0.638393
0.634017
0.63862
0.633504
0.648116
0.636163
0.649596
0.641016
0.646129
0.635821
0.644197
0.639383
0.644194
0.650568
0.639026
0.641178
0.640023
0.650674
0.629739
0.638272
0.639283
0.637373
0.63936
0.635134
0.643755
0.637386
0.641354
0.637529
0.634029
0.641943
0.637876
0.642062
0.644483
0.636824
0.632732
0.646019
0.653388
0.654799
0.644814
0.632668
0.638125
0.64391
0.636796
0.6344
0.641952
0.636339
0.648312
0.644466
0.645739
0.637086
0.64203
0.647633
0.636372
0.641646
0.646725
0.636102
0.641973
0.64658
0.636671
0.647327
0.631524
0.633517
0.64158
0.640129
0.639352
0.634752
0.643123
0.631346
0.64458
11.3501
0.64491
17.8273
0.636993
16.8684
0.639028
16.1514
0.650089
15.6047
0.639925
15.1563
0.647534
14.7643
0.633851
14.4435
0.634992
14.1785
0.641699
13.979
0.635809
13.7002
0.639235
13.5037
0.631669
13.2275
0.644272
13.1008
0.632835
12.903
0.636186
12.7412
0.641667
12.5871
0.636722
12.4708
0.644994
12.3157
0.641632
12.2127
0.651684
12.0911
0.63728
11.9707
0.636136
11.9283
0.66003
11.8276
0.643361
11.7082
0.634671
11.6594
0.659038
11.5424
0.635577
11.47
0.642123
11.3893
0.636467
11.3345
0.648734
11.2656
0.643289
11.2273
0.6404
11.18
0.63401
11.1475
0.640564
11.0452
0.631953
10.9832
0.644239
10.9508
0.639342
10.8938
0.639911
10.85
0.643932
10.8182
0.632654
10.7693
0.635945
10.7064
0.640049
10.6937
0.633233
10.605
0.636386
10.606
0.639446
10.5548
0.633244
10.519
0.636536
10.5055
0.640085
10.4687
0.634142
10.4542
0.636003
10.4092
0.639766
10.3787
0.632909
10.338
0.636313
10.3133
0.64036
10.3059
0.633344
10.2984
0.640272
10.2448
0.639921
10.2451
0.632931
10.1842
0.636809
10.1827
0.639984
10.1585
0.633236
10.1412
0.636191
10.1043
0.640255
10.1103
0.633038
10.1027
0.636113
10.0497
0.639775
10.041
0.633688
10.0084
0.63592
9.97685
0.639971
9.99401
0.63302
9.9898
0.636248
9.95514
0.6396
9.9322
0.632728
9.91744
0.636061
9.8627
0.639701
9.88343
0.632863
9.87495
0.636104
9.8425
0.639995
9.84151
0.633128
9.82976
0.636259
9.79741
0.639687
9.79925
0.636093
9.76635
0.63689
9.7318
0.639627
9.74993
0.633098
9.76259
0.636178
9.71036
0.640088
10.9416
0.63318
11.744
0.636947
11.6472
0.64004
11.6092
0.63292
11.4981
0.636133
11.4543
0.641995
11.3829
0.633472
11.3287
0.636089
11.2307
0.639616
11.2039
0.632942
11.1209
0.636155
11.0691
0.640075
11.0217
0.63331
11.004
0.63611
10.9293
0.639566
10.8693
0.633154
10.8297
0.636515
10.7529
0.647841
10.7338
0.632963
10.6984
0.636578
10.6406
0.639924
10.6228
0.633018
10.5663
0.636001
10.5201
0.639827
10.4906
0.632959
10.4285
0.636418
10.4022
0.640611
10.3516
0.632322
10.3477
0.635481
10.2857
0.63869
10.2645
0.632072
10.2068
0.635456
10.1431
0.638661
10.1504
0.631305
10.0958
0.634284
10.057
0.638785
10.0383
0.631356
10.0112
0.634131
9.91807
0.638502
9.95128
0.631604
9.87139
0.634381
9.82953
0.638904
9.83507
0.631022
9.80799
0.634504
9.74229
0.638717
9.7283
0.634296
9.69133
0.634899
9.62757
0.638564
9.61388
0.631052
9.60101
0.63414
9.54145
0.639256
9.54944
0.631468
9.51512
0.634477
9.42687
0.638851
9.44056
0.63086
9.39951
0.634068
9.33976
0.638684
9.3463
0.631106
9.31332
0.634297
9.27546
0.638942
9.23764
0.630768
9.22425
0.634438
9.13745
0.638671
9.16688
0.630783
9.11141
0.63413
9.0963
0.639192
9.05786
0.631842
9.04681
0.633994
9.94073
0.638731
10.1095
0.630902
10.0274
0.634051
9.91999
0.638571
9.90673
0.630867
9.83013
0.634199
9.76539
0.639285
9.7299
0.631224
9.62387
0.634405
9.56088
0.6389
9.54784
0.631017
9.49124
0.63422
9.43045
0.638752
9.39742
0.631247
9.35796
0.634529
9.27186
0.638854
9.23979
0.631636
9.17711
0.634195
9.13772
0.63866
9.10235
0.630878
9.07055
0.634529
9.03022
0.639031
8.97722
0.630856
8.90994
0.634332
8.87059
0.638467
8.83291
0.630617
8.79903
0.634828
8.75911
0.638698
8.72299
0.631427
8.69634
0.634228
8.60524
0.638856
8.60938
0.630934
8.53722
0.634225
8.49328
0.639024
8.62784
0.630988
9.40711
0.63446
9.31903
0.639073
9.23456
0.631122
9.13686
0.634746
9.09249
0.638708
9.09835
0.631036
9.02566
0.634594
8.96693
0.639373
8.92188
0.631216
8.86939
0.634298
8.73643
0.638816
8.74343
0.631331
8.66482
0.635168
8.58032
0.63906
8.56175
0.630954
8.53008
0.634564
8.45093
0.638851
8.40874
0.630772
8.35283
0.634631
8.27015
0.638763
8.27482
0.630787
8.19616
0.634268
8.15749
0.640865
8.11666
0.631457
8.06044
0.634384
8.00092
0.63864
7.98588
0.631242
7.93002
0.633973
7.84861
0.639129
7.84781
0.631753
7.81703
0.63435
7.7563
0.638791
7.71723
0.631103
8.24318
0.635186
8.71706
0.638791
8.65064
0.631035
8.53621
0.634255
8.46861
0.639227
8.40823
0.631653
8.32957
0.634471
8.20381
0.638859
8.18484
0.630498
8.08335
0.634383
8.0044
0.638835
7.98044
0.630705
7.92514
0.634037
7.82315
0.639536
7.7827
0.630701
7.72794
0.633937
7.62228
0.638459
7.6058
0.630794
7.54873
0.634978
7.57393
0.638566
7.55971
0.63114
7.50347
0.634346
7.42144
0.638573
7.38143
0.630925
7.32824
0.636377
7.72201
0.68067
7.9057
0.660316
7.21195
0.641173
7.07922
0.641154
7.02242
0.632169
7.00181
0.635955
6.9206
0.641911
6.89188
0.633034
6.86294
0.636439
6.8016
0.642019
6.73742
0.635304
6.71563
0.635475
6.63062
0.64204
6.60218
0.634249
6.56896
0.636714
6.49957
0.643873
6.46805
0.632734
6.42754
0.635607
6.37259
0.643125
6.33514
0.632565
6.32997
0.635486
6.23731
0.641775
6.27304
0.633101
6.79942
0.635886
6.73181
0.642311
6.64954
0.633582
6.61154
0.635534
6.52614
0.642162
6.49412
0.633411
6.43827
0.63633
6.36792
0.64228
6.30605
0.634214
6.27672
0.636379
6.22132
0.641208
6.18065
0.632908
6.14767
0.637294
6.06512
0.641847
6.04565
0.635071
5.99468
0.638477
5.95354
0.64181
5.89003
0.634353
5.87308
0.636525
5.79644
0.641801
5.77911
0.633102
5.72833
0.636497
5.6836
0.641369
5.64719
0.633182
5.60773
0.637492
5.57401
0.64264
5.51311
0.63338
5.5057
0.635775
5.4394
0.642819
5.39853
0.632859
5.39346
0.636827
5.32922
0.642019
5.29034
0.633766
5.25292
0.63625
5.21722
0.642027
5.18053
0.633014
5.16529
0.636438
5.10392
0.64168
5.07099
0.633505
5.05112
0.636087
4.99562
0.641804
4.97811
0.634016
4.94647
0.636853
4.87899
0.642607
4.86563
0.634338
4.8561
0.636232
4.79907
0.641863
4.77687
0.633283
4.73875
0.63659
4.83834
0.641981
5.13627
0.633115
5.10154
0.636242
5.01115
0.642564
4.99791
0.633597
4.93752
0.63578
4.91273
0.642462
4.86679
0.633377
4.83453
0.636696
4.77102
0.643183
4.75281
0.633299
4.7306
0.636001
4.65968
0.641821
4.64759
0.634771
4.60704
0.63662
4.57017
0.643026
4.53104
0.633726
4.52548
0.636251
4.45677
0.642262
4.42347
0.632898
4.40506
0.636545
4.37666
0.642341
4.33381
0.633518
4.32206
0.636451
4.27861
0.641866
4.24256
0.633164
4.20988
0.636326
4.19443
0.641708
4.15344
0.636583
4.11546
0.638253
4.10367
0.641954
4.27051
0.634119
4.70542
0.636165
4.5919
0.643491
4.55332
0.634099
4.51612
0.636639
4.45762
0.640915
4.41901
0.632679
4.36162
0.635597
4.31949
0.642178
4.3074
0.632095
4.25059
0.63643
4.21099
0.636344
4.16724
0.629086
4.1513
0.630346
4.0901
0.635719
4.05596
0.626262
4.04718
0.630242
3.98177
0.635882
3.96336
0.627182
3.94544
0.624814
3.88748
0.629969
3.84966
0.620722
3.86068
0.6251
3.79653
0.630917
3.76785
0.621924
3.74586
0.625075
3.7119
0.630887
3.69639
0.623228
3.81317
0.624952
3.77823
0.630245
3.74112
0.621765
3.72709
0.625279
3.66362
0.631092
3.62777
0.621349
3.63246
0.624591
3.57985
0.630704
3.54094
0.621533
3.55028
0.625401
3.48862
0.631089
3.47134
0.621303
3.43701
0.625638
3.42294
0.630884
3.38224
0.622072
3.3654
0.630689
3.33024
0.629745
3.29325
0.621928
3.30353
0.624978
3.24336
0.630734
3.22604
0.620773
3.21089
0.624713
3.17919
0.630507
3.16331
0.621769
3.1456
0.624536
3.11661
0.630481
3.09036
0.621645
3.05972
0.625581
3.04372
0.630886
3.0266
0.621915
2.98779
0.625733
2.97455
0.631405
2.95866
0.621878
2.92461
0.624019
2.90782
0.630133
2.89094
0.62103
2.87495
0.624174
2.84638
0.629615
2.82448
0.622688
2.81135
0.625669
2.77817
0.630493
2.75659
0.621261
2.76824
0.624946
2.71136
0.630609
2.71285
0.622569
2.69817
0.625176
2.66448
0.630403
2.64802
0.621688
2.63622
0.623906
2.62244
0.630605
2.57985
0.622243
2.58643
0.624587
2.55585
0.630248
2.5587
0.620836
2.52599
0.624476
2.50633
0.630376
2.49226
0.621785
2.47852
0.624557
2.44369
0.632574
2.44846
0.622374
2.44062
0.625952
2.40033
0.630386
2.38355
0.622105
2.39213
0.626513
2.35376
0.631377
2.33789
0.622109
2.34325
0.625291
2.31339
0.630912
2.29568
0.62247
2.30235
0.625336
2.24385
0.63157
2.27241
0.621731
2.23545
0.624796
2.22306
0.630801
2.20656
0.622153
2.21114
0.625362
2.17699
0.630711
2.16037
0.62251
2.16862
0.624444
2.13755
0.631411
2.11417
0.622355
2.12298
0.625671
2.09098
0.63106
2.09429
0.622075
2.07923
0.625381
2.04518
0.630583
2.0496
0.621968
2.03468
0.625346
2.02303
0.630833
2.00557
0.622163
1.99012
0.62618
1.9777
0.630185
1.98317
0.621968
1.96798
0.624781
1.93368
0.631145
1.93796
0.621822
1.92454
0.624864
1.91213
0.630586
1.9628
0.621676
1.94514
0.625081
1.93369
0.63162
1.91467
0.62222
1.90638
0.625703
1.88975
0.630763
1.87929
0.622372
1.87561
0.625157
1.84527
0.63023
1.84979
0.624121
1.83649
0.625459
1.82535
0.632404
1.80707
0.622425
1.81316
0.626094
1.78131
0.631811
1.76273
0.623247
1.79581
0.626611
1.73691
0.63148
1.76203
0.624056
1.72472
0.625414
1.73759
0.631607
1.71905
0.623262
1.70095
0.626544
1.69251
0.631094
1.69601
0.622951
1.68195
0.62632
1.64689
0.631684
1.66094
0.623369
1.65657
0.626955
1.63266
0.631266
1.63017
0.623244
1.63583
0.62735
1.60203
0.632913
1.60626
0.623388
1.59305
0.625533
1.58174
0.631536
1.56441
0.625273
1.56675
0.626571
1.55808
0.631289
1.54066
0.622059
1.54694
0.625733
1.51327
0.63198
1.51685
0.623228
1.52366
0.627135
1.49312
0.631539
1.49554
0.623586
1.50202
0.626236
1.46879
0.631174
1.47443
0.622938
1.48025
0.626821
1.44922
0.632263
1.42777
0.623527
1.45573
0.626049
1.42446
0.632179
1.4287
0.622992
1.41549
0.626621
1.40116
0.632063
1.4074
0.623096
1.38976
0.626025
1.40758
0.631817
1.36255
0.623025
1.39004
0.626109
1.35707
0.631221
1.36178
0.623109
1.3468
0.626226
1.33652
0.631398
1.33948
0.622992
1.34403
0.627653
1.31287
0.632001
1.31658
0.622816
1.3246
0.625767
1.29002
0.631704
1.29401
0.623497
1.30043
0.626059
1.26993
0.630943
1.29577
0.623107
1.25626
0.625917
1.2683
0.631572
1.24979
0.623369
1.27935
0.625756
1.22524
0.631297
1.24945
0.622407
1.23314
0.625809
1.22487
0.630609
1.22726
0.622676
1.21224
0.624773
1.22436
0.632477
1.20546
0.62254
1.18917
0.626062
1.20222
0.631426
1.18355
0.62214
1.18897
0.627569
1.17946
0.631465
1.1625
0.623003
1.16803
0.625349
1.15863
0.630971
1.16202
0.622934
1.16719
0.625792
1.13495
0.630775
1.13992
0.622344
1.14786
0.625689
1.13515
0.631549
1.1159
0.622475
1.12496
0.625504
1.11377
0.632183
1.11802
0.623067
1.09942
0.626003
1.11254
0.631379
1.09336
0.623362
1.07845
0.626121
1.09178
0.631411
1.09431
0.622341
1.07815
0.626842
1.06768
0.631625
1.07252
0.622876
1.0571
0.625747
1.06827
0.631087
1.05037
0.622715
1.05483
0.625928
1.0465
0.632083
1.02738
0.623006
1.0563
0.625952
1.02474
0.631757
1.03058
0.622095
1.03384
0.625977
1.02763
0.631671
1.00545
0.622864
1.03286
0.626666
1.00174
0.631919
1.00568
0.624093
1.01223
0.625495
0.979392
0.632078
1.00466
0.624381
0.988571
0.626052
0.980519
0.631091
0.983235
0.623779
0.988822
0.625894
0.979076
0.631601
0.960042
0.622444
0.99055
0.62591
0.957182
0.631715
0.961829
0.623016
0.966284
0.625749
0.934547
0.631191
0.961469
0.622142
0.945459
0.626001
0.934861
0.631128
0.938193
0.622297
0.944569
0.625775
0.935128
0.632359
0.938731
0.623331
0.921615
0.626087
0.913578
0.631262
0.938001
0.622547
0.923262
0.626556
0.913007
0.631697
0.894049
0.623116
0.922035
0.626166
0.89031
0.631421
0.91601
0.623415
0.900014
0.626302
0.891535
0.632202
0.894177
0.622628
0.898874
0.625238
0.869106
0.632952
0.895664
0.623144
0.876937
0.625744
0.890462
0.632008
0.871936
0.622454
0.878386
0.626116
0.869043
0.631582
0.872376
0.623363
0.854335
0.626191
0.867241
0.631574
0.849231
0.623552
0.877953
0.626131
0.845553
0.63121
0.849076
0.623029
0.855253
0.625888
0.84633
0.631071
0.850657
0.625469
0.834342
0.626605
0.845499
0.631638
0.82622
0.621712
0.83353
0.625964
0.84699
0.631665
0.826505
0.624063
0.833034
0.626027
0.824523
0.631435
0.805122
0.622062
0.832936
0.625671
0.824169
0.631769
0.804951
0.623247
0.810332
0.626062
0.824454
0.631392
0.806171
0.624166
0.810462
0.625715
0.800857
0.632842
0.804217
0.623632
0.811383
0.626435
0.778875
0.631683
0.804974
0.625365
0.789527
0.62614
0.801891
0.633494
0.782319
0.622703
0.789177
0.627221
0.803095
0.632433
0.781868
0.622874
0.788238
0.625703
0.759309
0.632021
0.782742
0.622411
0.788235
0.625618
0.779651
0.63209
0.759953
0.623467
0.788723
0.626085
0.757213
0.631373
0.760881
0.623554
0.765624
0.626927
0.778873
0.631869
0.759933
0.62319
0.76586
0.626815
0.734094
0.631085
0.760826
0.622795
0.767723
0.627111
0.757058
0.631108
0.738655
0.622962
0.765469
0.626243
0.734724
0.632081
0.759856
0.622989
0.744339
0.626197
0.734838
0.631733
0.73831
0.622823
0.743276
0.625869
0.735391
0.632382
0.737919
0.622643
0.74391
0.625915
0.733845
0.631171
0.760462
0.622544
0.722974
0.625534
0.734986
0.631106
0.737324
0.623032
0.76448
0.625521
0.733849
0.631805
0.714575
0.62167
0.743263
0.625762
0.713086
0.630602
0.736442
0.622456
0.719855
0.625712
0.733825
0.63053
0.715182
0.622229
0.723142
0.625063
0.711853
0.631769
0.714611
0.622869
0.720985
0.625557
0.711773
0.630648
0.715461
0.622877
0.720131
0.625883
0.711682
0.631437
0.625336
0.733496
0.630904
0.715019
0.62297
0.699465
0.625327
0.712681
0.631037
0.693398
0.623096
0.720063
0.625492
0.622785
0.744339
0.625293
0.622554
0.742578
0.626703
0.622995
0.720239
0.625053
0.689527
0.630968
0.714605
0.622274
0.63055
0.715454
0.622481
0.632091
0.715234
0.621539
0.698216
0.625404
0.689527
0.631016
0.625523
0.711398
0.630952
0.625454
0.711386
0.630823
0.626433
0.713367
0.63174
0.625189
0.710764
0.631733
0.626018
0.688987
0.630955
0.69352
0.621729
0.631046
0.692711
0.62232
0.698083
0.625636
0.623107
0.699271
0.625519
0.62302
0.699414
0.625655
0.624109
0.698408
0.626429
0.621962
0.698883
0.626388
0.623533
0.692841
0.619929
0.617169
0.694661
0.62046
0.617176
0.693364
0.619369
0.617583
0.694611
0.620619
0.618879
0.670215
0.620632
0.61769
0.692299
0.620092
0.617095
0.671372
0.619843
0.617567
0.693021
0.620892
0.61759
0.625604
0.687766
0.617039
0.626291
0.620837
0.66194
0.625742
0.619715
0.661447
0.626305
0.620666
0.661967
0.626748
0.619703
0.661814
0.62641
0.620981
0.61839
0.694972
0.620308
0.617496
0.625254
0.620065
0.661805
0.625386
0.621002
0.61846
0.671788
0.620751
0.617552
0.625562
0.665351
0.616899
0.625411
0.621752
0.662749
0.62722
0.619901
0.616604
0.670963
0.620371
0.616975
0.627836
0.620797
0.617136
0.670474
0.620048
0.617707
0.625957
0.620221
0.662316
0.625042
0.620911
0.617293
0.625524
0.620918
0.617293
0.670509
0.620557
0.617119
0.626149
0.620354
0.616944
0.626219
0.66653
0.616864
0.626589
0.619903
0.617073
0.626268
0.619781
0.617499
0.626612
0.619482
0.662225
0.625958
0.620704
0.617314
0.62653
0.615087
0.611806
0.620816
0.61556
0.61113
0.621158
0.61518
0.611241
0.620964
0.614886
0.611749
0.621105
0.614845
0.657276
0.620889
0.61483
0.611648
0.61979
0.614601
0.614702
0.620166
0.614956
0.611382
0.621101
0.614907
0.612407
0.620374
0.616119
0.611961
0.620528
0.615447
0.611905
0.620712
0.615115
0.61183
0.621172
0.61555
0.611984
0.620298
0.61482
0.611601
0.62031
0.615583
0.611829
0.620452
0.61469
0.611621
0.620424
0.615102
0.611421
0.620995
0.61485
0.611742
0.621252
0.614276
0.611907
0.620399
0.614862
0.612066
0.620877
0.615432
0.612339
0.621158
0.615798
0.612294
0.620585
0.614919
0.61152
0.622483
0.614635
0.611962
0.620582
0.615319
0.612279
0.620011
0.61556
0.613056
0.620292
0.615112
0.612176
0.620938
0.615152
0.615024
0.620063
0.61484
0.612744
0.620204
0.6149
0.61563
0.620387
0.614602
0.612
0.620795
0.615153
0.612156
0.620244
0.614516
0.612101
0.620416
0.615177
0.613133
0.620859
0.614775
0.611809
0.620761
0.614846
0.611151
0.620605
0.614747
0.612056
0.621475
0.614732
0.6124
0.620768
0.614578
0.611338
0.621053
0.614522
0.611804
0.619511
0.615193
0.612488
0.620639
0.615639
0.611567
0.62198
0.614086
0.611485
0.621233
0.614327
0.613353
0.621565
0.614501
0.612979
0.61978
0.615404
0.612044
0.620604
0.614926
0.611442
0.620332
0.617002
0.611854
0.62094
0.614997
0.6111
0.621678
0.614644
0.611743
0.622296
0.614595
0.612069
0.620666
0.614943
0.611557
0.621041
0.615614
0.61223
0.620857
0.615891
0.611254
0.620019
0.615685
0.611925
0.620508
0.615514
0.611209
0.620146
0.614953
0.611556
0.621335
0.614447
0.612258
0.620516
0.615014
0.612123
0.620873
0.615416
0.612433
0.622617
0.615826
0.611871
0.620851
0.61568
0.611962
0.621979
0.614182
0.611213
0.621066
0.614216
0.61313
0.621283
0.614549
0.612865
0.620315
0.614658
0.611871
0.620142
0.617133
0.612223
0.620686
0.614801
0.610977
0.620565
0.61485
0.612271
0.621281
0.614015
0.612521
0.620616
0.615949
0.611277
0.619584
0.614521
0.611912
0.620322
0.61441
0.61172
0.619908
0.614464
0.612122
0.620479
0.615935
0.611301
0.621424
0.615639
0.612234
0.620616
0.616136
0.612199
0.620936
0.614145
0.612133
0.619962
0.61577
0.611673
0.621909
0.615233
0.612368
0.620623
0.615348
0.611813
0.620629
0.614794
0.612077
0.620571
0.614335
0.612664
0.620814
0.614253
0.61284
0.621554
0.614743
0.61227
0.621608
0.615241
0.612521
0.620677
0.615477
0.612304
0.620877
0.615393
0.611193
0.621718
0.614567
0.612054
0.621624
0.615109
0.612852
0.62058
0.614719
0.612473
0.620588
0.615242
0.611613
0.621691
0.616014
0.611389
0.620834
0.614981
0.612101
0.620808
0.618182
0.611403
0.621349
0.614618
0.612507
0.620771
0.614346
0.611809
0.62074
0.614603
0.61172
0.620669
0.614324
0.611724
0.620289
0.615268
0.611661
0.620349
0.615012
0.611797
0.620705
0.615204
0.611766
0.6213
0.614055
0.611467
0.621895
0.614366
0.611831
0.619993
0.614938
0.612179
0.620835
0.615261
0.611573
0.619741
0.615198
0.61223
0.622136
0.61522
0.611846
0.621091
0.614422
0.614921
0.620712
0.614973
0.611725
0.620802
0.615138
0.611937
0.620281
0.614572
0.611777
0.620873
0.614736
0.611401
0.620864
0.614951
0.611593
0.620235
0.61471
0.611672
0.620869
0.615227
0.612315
0.620304
0.614112
0.611759
0.620378
0.614546
0.612184
0.621847
0.616118
0.611838
0.619778
0.615228
0.61204
0.620767
0.615116
0.61164
0.620202
0.614337
0.611301
0.621285
0.614274
0.611477
0.621154
0.614361
0.612687
0.621174
0.61511
0.612395
0.621223
0.617932
0.611507
0.620081
0.615522
0.612313
0.621272
0.61512
0.611576
0.621249
0.614364
0.612133
0.620866
0.615333
0.612489
0.620334
0.615249
0.612075
0.62032
0.615993
0.611859
0.620326
0.614534
0.61221
0.620749
0.61468
0.611072
0.620858
0.614976
0.61204
0.620441
0.615026
0.612473
0.620055
0.614475
0.613654
0.620676
0.615009
0.611864
0.620977
0.614239
0.611977
0.619969
0.615987
0.61181
0.620882
0.61428
0.611259
0.620478
0.617003
0.612786
0.621085
0.61375
0.611663
0.620133
0.61394
0.611719
0.620729
0.614777
0.611523
0.620195
0.615055
0.61183
0.620504
0.614853
0.611108
0.62086
0.615547
0.612887
0.621508
0.613808
0.611536
0.620582
0.614624
0.611848
0.62104
0.614857
0.611783
0.620765
0.614833
0.611148
0.620568
0.614517
0.61117
0.620875
0.614327
0.611416
0.620424
0.614036
0.612244
0.620245
0.613869
0.612275
0.620283
0.614397
0.610992
0.620464
0.616037
0.611821
0.620503
0.615287
0.611042
0.621413
0.614721
0.611082
0.620152
0.614089
0.611389
0.62077
0.615066
0.610795
0.620804
0.614818
0.611686
0.619897
0.613917
0.61132
0.621438
0.614623
0.610978
0.61994
0.615194
0.61149
0.619663
0.613952
0.611501
0.621705
0.614718
0.611276
0.621041
0.614382
0.611996
0.620673
0.615879
0.612169
0.620169
0.615685
0.61148
0.619617
0.614805
0.611422
0.620686
0.614651
0.611292
0.620266
0.614339
0.614086
0.62068
0.614873
0.611699
0.620614
0.614192
0.611646
0.620282
0.615067
0.611324
0.62097
0.614363
0.611721
0.620247
0.614744
0.611633
0.620691
0.614457
0.611228
0.621538
0.614486
0.611008
0.619844
0.615372
0.611969
0.620998
0.613972
0.611138
0.620351
0.614731
0.611789
0.620222
0.614899
0.612102
0.620813
0.614599
0.611526
0.620368
0.614806
0.611623
0.620641
0.614563
0.611235
0.620646
0.615368
0.611779
0.620041
0.6147
0.61114
0.622385
0.614803
0.611542
0.620287
0.615028
0.610959
0.620468
0.614799
0.611687
0.620497
0.614933
0.611271
0.620348
0.614756
0.611667
0.620277
0.615242
0.611196
0.619728
0.615462
0.611863
0.621164
0.614427
0.612979
0.620985
0.61464
0.611779
0.620999
0.614523
0.611861
0.621009
0.614493
0.61117
0.620013
0.614118
0.612351
0.621024
0.614323
0.61118
0.62236
0.614192
0.611605
0.619916
0.614784
0.612193
0.619838
0.616391
0.611324
0.620503
0.615248
0.610798
0.620018
0.615179
0.611594
0.620083
0.613958
0.611237
0.620165
0.614695
0.612063
0.621166
0.614941
0.612501
0.619469
0.614733
0.611138
0.620069
0.61477
0.611203
0.62094
0.614728
0.611629
0.619804
0.614807
0.612229
0.620629
0.61564
0.611774
0.620926
0.615405
0.611755
0.620385
0.614468
0.611566
0.620605
0.615012
0.611206
0.620368
0.614719
0.611236
0.61997
0.614977
0.606176
0.61461
0.60886
0.607007
0.614374
0.609686
0.60959
0.615788
0.611779
0.606571
0.618773
0.609508
0.606708
0.615037
0.609873
0.607043
0.614593
0.610595
0.605696
0.61608
0.608513
0.606197
0.615052
0.609479
0.606066
0.615256
0.609696
0.606255
0.614898
0.609511
0.605986
0.6148
0.609209
0.606349
0.615125
0.609109
0.605842
0.615088
0.60945
0.607209
0.614547
0.609704
0.606092
0.614382
0.609157
0.605938
0.614564
0.609641
0.605841
0.615744
0.60974
0.605763
0.615875
0.609299
0.606089
0.617481
0.609581
0.60703
0.615687
0.609566
0.606145
0.615057
0.60996
0.605779
0.615772
0.610121
0.606539
0.615246
0.609975
0.606519
0.615678
0.608589
0.606184
0.615203
0.61019
0.606321
0.614406
0.609216
0.60637
0.615082
0.609917
0.605343
0.615495
0.609625
0.605365
0.615381
0.609798
0.606479
0.615528
0.609979
0.605883
0.614892
0.608868
0.606328
0.61498
0.608798
0.606147
0.614966
0.608945
0.607183
0.614825
0.609373
0.605906
0.61468
0.610904
0.605926
0.615384
0.609771
0.606777
0.615367
0.608894
0.606039
0.615151
0.608776
0.606993
0.615066
0.608794
0.60601
0.614659
0.609073
0.605807
0.615088
0.609628
0.605849
0.615556
0.608918
0.606109
0.615208
0.609364
0.606023
0.615273
0.60939
0.606516
0.615184
0.609776
0.605849
0.614574
0.609617
0.605633
0.615305
0.609784
0.6058
0.615207
0.607975
0.605879
0.614704
0.608502
0.606608
0.615346
0.609641
0.605547
0.615188
0.609663
0.606748
0.616054
0.608912
0.606013
0.615362
0.60961
0.606452
0.615511
0.608731
0.606771
0.615101
0.609061
0.607068
0.614968
0.6092
0.606306
0.614644
0.609197
0.605106
0.615382
0.610072
0.605375
0.614907
0.608875
0.606705
0.616026
0.609558
0.605905
0.61425
0.609395
0.606849
0.615735
0.608801
0.605869
0.614857
0.609792
0.606166
0.614743
0.608922
0.605052
0.615926
0.608955
0.605944
0.614554
0.608697
0.606537
0.615306
0.608917
0.606657
0.61468
0.609462
0.606253
0.61515
0.604148
0.60225
0.611223
0.604998
0.600949
0.609538
0.603879
0.600304
0.610965
0.603281
0.601024
0.609448
0.603688
0.601577
0.609267
0.604147
0.60219
0.609646
0.604194
0.600901
0.609643
0.604179
0.600467
0.610051
0.603255
0.600985
0.61023
0.604259
0.601095
0.609564
0.603957
0.600524
0.609664
0.60541
0.600644
0.609155
0.603495
0.602126
0.609011
0.602362
0.599945
0.609164
0.603694
0.59952
0.60867
0.60278
0.601527
0.608506
0.60318
0.600279
0.609316
0.603218
0.599638
0.609542
0.601971
0.599419
0.609345
0.602415
0.599656
0.60895
0.603301
0.600123
0.608961
0.603823
0.600166
0.609575
0.604592
0.600127
0.609442
0.603219
0.600168
0.609841
0.603396
0.600515
0.609849
0.603175
0.600551
0.609498
0.604155
0.600272
0.60924
0.603844
0.600047
0.609772
0.603015
0.600206
0.609821
0.602685
0.600156
0.609149
0.602971
0.600876
0.609296
0.603727
0.600445
0.60862
0.607254
0.600356
0.609474
0.604088
0.600418
0.610054
0.603795
0.600727
0.609361
0.603168
0.600423
0.608905
0.604052
0.600819
0.608765
0.603869
0.600233
0.609747
0.603547
0.599979
0.610009
0.603742
0.600281
0.609672
0.60338
0.600776
0.609777
0.603787
0.60127
0.609012
0.604005
0.60031
0.609565
0.603736
0.599514
0.609408
0.603627
0.599934
0.609802
0.603435
0.600341
0.609755
0.603539
0.600408
0.609404
0.603907
0.600661
0.609572
0.603713
0.600033
0.610357
0.602856
0.60015
0.609492
0.60313
0.600254
0.609993
0.603801
0.600222
0.609166
0.603939
0.600773
0.609482
0.603291
0.600152
0.609497
0.603578
0.60017
0.609406
0.603469
0.600787
0.609288
0.603483
0.60073
0.609044
0.603608
0.60032
0.609333
0.603309
0.599736
0.609704
0.604675
0.600786
0.6097
0.604245
0.599853
0.610576
0.603686
0.600309
0.609132
0.603408
0.600288
0.610446
0.603312
0.600919
0.609137
0.603539
0.600101
0.609208
0.605624
0.600348
0.609769
0.603962
0.601361
0.611028
0.603164
0.600499
0.609407
0.603513
0.600441
0.60953
0.605268
0.600143
0.609285
0.604203
0.60033
0.609407
0.603545
0.600132
0.609626
0.603923
0.600487
0.609763
0.603273
0.600522
0.609502
0.603772
0.601507
0.609118
0.603581
0.600259
0.609272
0.604087
0.599995
0.609102
0.603759
0.600237
0.610803
0.602967
0.600513
0.609732
0.604422
0.600398
0.609949
0.603588
0.600508
0.609169
0.603882
0.599569
0.61349
0.603346
0.600144
0.610078
0.603275
0.600082
0.609236
0.603572
0.599926
0.609213
0.603943
0.600256
0.609651
0.603955
0.600551
0.609114
0.603407
0.60007
0.609578
0.603198
0.602034
0.609299
0.603164
0.600731
0.609258
0.603469
0.60099
0.609698
0.604274
0.600056
0.608741
0.603743
0.600092
0.610283
0.603089
0.60014
0.61013
0.603207
0.601371
0.609282
0.603362
0.600384
0.608835
0.604742
0.60008
0.609444
0.604197
0.600144
0.609785
0.603322
0.600956
0.608752
0.602223
0.601203
0.608223
0.602897
0.599586
0.608351
0.6034
0.600234
0.608279
0.603338
0.599216
0.609055
0.603493
0.599921
0.609918
0.603903
0.60044
0.609144
0.603694
0.600663
0.609214
0.603636
0.600161
0.608965
0.603835
0.599912
0.60964
0.603446
0.599917
0.609508
0.602767
0.600122
0.609458
0.603851
0.600699
0.610084
0.603435
0.600402
0.608594
0.603623
0.600553
0.609859
0.604364
0.600476
0.609873
0.602782
0.600184
0.610927
0.602983
0.600181
0.60922
0.603999
0.600618
0.608653
0.603935
0.600782
0.609272
0.603379
0.600141
0.611766
0.603765
0.60004
0.60929
0.6032
0.600449
0.609373
0.603234
0.601059
0.608992
0.603832
0.600221
0.609465
0.603721
0.600275
0.609746
0.603862
0.600037
0.609121
0.603107
0.600548
0.609519
0.603019
0.600155
0.608637
0.604286
0.600222
0.608852
0.603439
0.599995
0.610217
0.603335
0.599896
0.609902
0.603543
0.600997
0.609304
0.603499
0.600967
0.609625
0.604057
0.605513
0.609804
0.603144
0.600613
0.609441
0.603194
0.600354
0.609594
0.603932
0.600187
0.609692
0.603665
0.600687
0.609455
0.603184
0.600373
0.610061
0.604806
0.600258
0.609296
0.603395
0.600734
0.609153
0.603871
0.601114
0.61026
0.603856
0.60032
0.609572
0.603109
0.602795
0.60976
0.603903
0.600531
0.609693
0.603596
0.599992
0.609596
0.603657
0.600603
0.609999
0.603642
0.600921
0.61012
0.603247
0.600868
0.609856
0.603802
0.601018
0.609495
0.60356
0.600931
0.60942
0.603754
0.600802
0.609423
0.603668
0.599966
0.610068
0.603806
0.600607
0.610108
0.602648
0.599708
0.609565
0.602932
0.600796
0.609703
0.604175
0.600364
0.609353
0.60429
0.600163
0.609595
0.604349
0.600462
0.609721
0.603459
0.600738
0.60976
0.60347
0.601224
0.609337
0.604492
0.600555
0.609436
0.603961
0.601239
0.609418
0.603439
0.599726
0.60955
0.603054
0.600161
0.609939
0.602903
0.601606
0.609233
0.603845
0.600728
0.609859
0.603979
0.600305
0.608982
0.603771
0.599917
0.609681
0.603398
0.600525
0.610247
0.6032
0.600572
0.609045
0.603575
0.601133
0.609648
0.603913
0.600257
0.609106
0.606154
0.600594
0.609947
0.603234
0.600064
0.609493
0.603206
0.601148
0.60983
0.603147
0.600521
0.60961
0.603409
0.60042
0.609812
0.603866
0.599881
0.609704
0.603154
0.600332
0.611263
0.603749
0.600922
0.609601
0.60293
0.601348
0.609443
0.605217
0.600768
0.609235
0.603985
0.599911
0.609848
0.604141
0.600011
0.609871
0.602871
0.600418
0.609717
0.604742
0.600789
0.609398
0.603772
0.600601
0.608726
0.603984
0.600092
0.610006
0.603896
0.601045
0.609843
0.603625
0.599945
0.609921
0.60354
0.600894
0.609503
0.603976
0.60027
0.609113
0.604499
0.600517
0.609433
0.603178
0.600638
0.609612
0.603284
0.600147
0.609807
0.60323
0.600813
0.609403
0.603575
0.600479
0.603969
0.597876
0.594833
0.60505
0.598439
0.594888
0.607837
0.597923
0.594896
0.604135
0.598107
0.5955
0.604412
0.598134
0.595025
0.604489
0.598254
0.594488
0.604393
0.597954
0.594401
0.604268
0.598052
0.594731
0.604374
0.598012
0.59576
0.60494
0.598025
0.595181
0.604182
0.599256
0.595081
0.603683
0.59777
0.59459
0.604491
0.597979
0.594976
0.604143
0.597653
0.595287
0.604697
0.598318
0.595717
0.60351
0.598567
0.594823
0.604602
0.598319
0.594499
0.604696
0.597988
0.595749
0.604346
