-0.223011
-0.219593
-0.216257
-0.213002
-0.209827
-0.206727
-0.203702
-0.20075
-0.197868
-0.195055
-0.192309
-0.189627
-0.187009
-0.184456
-0.181975
-0.179552
-0.177185
-0.174874
-0.172616
-0.17041
-0.168254
-0.166147
-0.164088
-0.162076
-0.160108
-0.158185
-0.156303
-0.154464
-0.152664
-0.150904
-0.149181
-0.147496
-0.145846
-0.144232
-0.142651
-0.141104
-0.139589
-0.138105
-0.136652
-0.135228
-0.133833
-0.132466
-0.131126
-0.129813
-0.128525
-0.127263
-0.126025
-0.124811
-0.12362
-0.122452
-0.121306
-0.12018
-0.119076
-0.117992
-0.116928
-0.115883
-0.114856
-0.113848
-0.112858
-0.111884
-0.110928
-0.109988
-0.109064
-0.108155
-0.107262
-0.106383
-0.105519
-0.104669
-0.103832
-0.103009
-0.102199
-0.101401
-0.100616
-0.0998429
-0.0990814
-0.0983315
-0.0975927
-0.0968648
-0.0961476
-0.0954407
-0.094744
-0.0940571
-0.0933799
-0.0927121
-0.0920535
-0.0914039
-0.090763
-0.0901307
-0.0895068
-0.088891
-0.0882832
-0.0876832
-0.0870908
-0.0865059
-0.0859282
-0.0853577
-0.0847941
-0.0842373
-0.0836871
-0.0831435
-0.0826062
-0.0820751
-0.0815502
-0.0810311
-0.080518
-0.0800105
-0.0795086
-0.0790121
-0.0785211
-0.0780352
-0.0775545
-0.0770789
-0.0766082
-0.0761423
-0.0756811
-0.0752246
-0.0747726
-0.0743251
-0.073882
-0.0734431
-0.0730085
-0.072578
-0.0721515
-0.071729
-0.0713104
-0.0708957
-0.0704847
-0.0700774
-0.0696737
-0.0692736
-0.068877
-0.0684838
-0.068094
-0.0677075
-0.0673243
-0.0669443
-0.0665675
-0.0661937
-0.065823
-0.0654553
-0.0650906
-0.0647288
-0.0643698
-0.0640136
-0.0636602
-0.0633096
-0.0629616
-0.0626163
-0.0622736
-0.0619334
-0.0615958
-0.0612607
-0.060928
-0.0605978
-0.06027
-0.0599445
-0.0596213
-0.0593004
-0.0589818
-0.0586654
-0.0583512
-0.0580392
-0.0577293
-0.0574216
-0.0571159
-0.0568123
-0.0565107
-0.0562112
-0.0559136
-0.055618
-0.0553243
-0.0550325
-0.0547427
-0.0544547
-0.0541685
-0.0538842
-0.0536017
-0.053321
-0.0530421
-0.0527649
-0.0524894
-0.0522156
-0.0519435
-0.0516732
-0.0514044
-0.0511373
-0.0508718
-0.050608
-0.0503457
-0.050085
-0.0498259
-0.0495683
-0.0493122
-0.0490577
-0.0488046
-0.048553
-0.0483029
-0.0480543
-0.0478071
-0.0475614
-0.047317
-0.0470741
-0.0468326
-0.0465924
-0.0463537
-0.0461162
-0.0458802
-0.0456454
-0.045412
-0.0451799
-0.0449491
-0.0447196
-0.0444914
-0.0442645
-0.0440388
-0.0438143
-0.0435912
-0.0433692
-0.0431485
-0.0429289
-0.0427106
-0.0424935
-0.0422776
-0.0420628
-0.0418492
-0.0416368
-0.0414255
-0.0412154
-0.0410064
-0.0407985
-0.0405917
-0.0403861
-0.0401816
-0.0399781
-0.0397758
-0.0395745
-0.0393743
-0.0391752
-0.0389771
-0.0387801
-0.0385841
-0.0383891
-0.0381952
-0.0380023
-0.0378105
-0.0376196
-0.0374298
-0.0372409
-0.037053
-0.0368662
-0.0366803
-0.0364953
-0.0363114
-0.0361284
-0.0359463
-0.0357652
-0.0355851
-0.0354059
-0.0352276
-0.0350502
-0.0348738
-0.0346983
-0.0345236
-0.0343499
-0.0341771
-0.0340052
-0.0338342
-0.033664
-0.0334947
-0.0333263
-0.0331588
-0.0329921
-0.0328263
-0.0326614
-0.0324973
-0.032334
-0.0321716
-0.03201
-0.0318492
-0.0316892
-0.0315301
-0.0313718
-0.0312143
-0.0310576
-0.0309017
-0.0307466
-0.0305922
-0.0304387
-0.030286
-0.030134
-0.0299828
-0.0298324
-0.0296827
-0.0295338
-0.0293857
-0.0292383
-0.0290917
-0.0289458
-0.0288006
-0.0286562
-0.0285125
-0.0283696
-0.0282273
-0.0280858
-0.027945
-0.027805
-0.0276656
-0.0275269
-0.027389
-0.0272517
-0.0271151
-0.0269793
-0.0268441
-0.0267096
-0.0265757
-0.0264426
-0.0263101
-0.0261783
-0.0260471
-0.0259167
-0.0257868
-0.0256577
-0.0255291
-0.0254013
-0.025274
-0.0251475
-0.0250215
-0.0248962
-0.0247715
-0.0246475
-0.0245241
-0.0244012
-0.0242791
-0.0241575
-0.0240365
-0.0239162
-0.0237964
-0.0236773
-0.0235587
-0.0234408
-0.0233234
-0.0232067
-0.0230905
-0.0229749
-0.0228599
-0.0227455
-0.0226316
-0.0225183
-0.0224056
-0.0222935
-0.0221819
-0.0220708
-0.0219604
-0.0218505
-0.0217411
-0.0216323
-0.021524
-0.0214163
-0.0213091
-0.0212025
-0.0210963
-0.0209908
-0.0208857
-0.0207812
-0.0206772
-0.0205737
-0.0204708
-0.0203683
-0.0202664
-0.020165
-0.0200641
-0.0199637
-0.0198638
-0.0197644
-0.0196655
-0.0195671
-0.0194692
-0.0193718
-0.0192749
-0.0191784
-0.0190825
-0.018987
-0.018892
-0.0187975
-0.0187034
-0.0186098
-0.0185167
-0.0184241
-0.0183319
-0.0182402
-0.0181489
-0.0180581
-0.0179678
-0.0178779
-0.0177884
-0.0176994
-0.0176109
-0.0175228
-0.0174351
-0.0173479
-0.0172611
-0.0171747
-0.0170888
-0.0170033
-0.0169183
-0.0168336
-0.0167494
-0.0166656
-0.0165823
-0.0164993
-0.0164168
-0.0163346
-0.0162529
-0.0161716
-0.0160907
-0.0160102
-0.0159301
-0.0158504
-0.0157711
-0.0156922
-0.0156137
-0.0155356
-0.0154579
-0.0153806
-0.0153037
-0.0152271
-0.0151509
-0.0150751
-0.0149997
-0.0149247
-0.01485
-0.0147757
-0.0147018
-0.0146283
-0.0145551
-0.0144823
-0.0144099
-0.0143378
-0.0142661
-0.0141947
-0.0141237
-0.014053
-0.0139827
-0.0139128
-0.0138432
-0.013774
-0.0137051
-0.0136365
-0.0135683
-0.0135004
-0.0134329
-0.0133657
-0.0132988
-0.0132323
-0.0131661
-0.0131003
-0.0130347
-0.0129695
-0.0129046
-0.0128401
-0.0127759
-0.012712
-0.0126484
-0.0125851
-0.0125221
-0.0124595
-0.0123972
-0.0123352
-0.0122735
-0.0122121
-0.012151
-0.0120902
-0.0120297
-0.0119695
-0.0119097
-0.0118501
-0.0117908
-0.0117318
-0.0116732
-0.0116148
-0.0115567
-0.0114989
-0.0114413
-0.0113841
-0.0113272
-0.0112705
-0.0112141
-0.011158
-0.0111022
-0.0110467
-0.0109914
-0.0109364
-0.0108817
-0.0108273
-0.0107731
-0.0107192
-0.0106656
-0.0106123
-0.0105592
-0.0105064
-0.0104538
-0.0104015
-0.0103495
-0.0102977
-0.0102462
-0.0101949
-0.0101439
-0.0100932
-0.0100427
-0.00999248
-0.00994249
-0.00989275
-0.00984327
-0.00979403
-0.00974503
-0.00969629
-0.00964778
-0.00959952
-0.0095515
-0.00950372
-0.00945618
-0.00940887
-0.00936181
-0.00931498
-0.00926838
-0.00922201
-0.00917588
-0.00912998
-0.00908431
-0.00903886
-0.00899365
-0.00894866
-0.00890389
-0.00885935
-0.00881503
-0.00877093
-0.00872706
-0.0086834
-0.00863996
-0.00859674
-0.00855373
-0.00851094
-0.00846837
-0.008426
-0.00838385
-0.00834191
-0.00830018
-0.00825866
-0.00821734
-0.00817624
-0.00813533
-0.00809463
-0.00805414
-0.00801385
-0.00797376
-0.00793387
-0.00789418
-0.00785469
-0.00781539
-0.00777629
-0.00773739
-0.00769868
-0.00766017
-0.00762185
-0.00758372
-0.00754578
-0.00750803
-0.00747047
-0.0074331
-0.00739591
-0.00735891
-0.00732209
-0.00728546
-0.00724902
-0.00721275
-0.00717667
-0.00714076
-0.00710504
-0.00706949
-0.00703413
-0.00699894
-0.00696392
-0.00692908
-0.00689442
-0.00685992
-0.0068256
-0.00679146
-0.00675748
-0.00672367
-0.00669003
-0.00665656
-0.00662326
-0.00659013
-0.00655715
-0.00652435
-0.00649171
-0.00645923
-0.00642691
-0.00639476
-0.00636277
-0.00633093
-0.00629926
-0.00626774
-0.00623639
-0.00620519
-0.00617414
-0.00614325
-0.00611251
-0.00608193
-0.0060515
-0.00602123
-0.0059911
-0.00596113
-0.0059313
-0.00590163
-0.0058721
-0.00584272
-0.00581349
-0.0057844
-0.00575546
-0.00572667
-0.00569802
-0.00566951
-0.00564114
-0.00561292
-0.00558483
-0.00555689
-0.00552909
-0.00550142
-0.0054739
-0.00544651
-0.00541926
-0.00539215
-0.00536517
-0.00533832
-0.00531161
-0.00528504
-0.00525859
-0.00523228
-0.0052061
-0.00518005
-0.00515414
-0.00512835
-0.00510269
-0.00507716
-0.00505175
-0.00502648
-0.00500133
-0.0049763
-0.0049514
-0.00492663
-0.00490198
-0.00487745
-0.00485304
-0.00482876
-0.0048046
-0.00478056
-0.00475664
-0.00473284
-0.00470916
-0.00468559
-0.00466215
-0.00463882
-0.00461561
-0.00459251
-0.00456953
-0.00454667
-0.00452392
-0.00450128
-0.00447876
-0.00445635
-0.00443405
-0.00441186
-0.00438979
-0.00436782
-0.00434596
-0.00432422
-0.00430258
-0.00428105
-0.00425963
-0.00423831
-0.0042171
-0.004196
-0.00417501
-0.00415411
-0.00413333
-0.00411264
-0.00409206
-0.00407159
-0.00405121
-0.00403094
-0.00401077
-0.0039907
-0.00397073
-0.00395086
-0.00393109
-0.00391142
-0.00389184
-0.00387237
-0.00385299
-0.00383371
-0.00381452
-0.00379544
-0.00377644
-0.00375754
-0.00373874
-0.00372003
-0.00370142
-0.00368289
-0.00366446
-0.00364612
-0.00362788
-0.00360972
-0.00359166
-0.00357368
-0.0035558
-0.00353801
-0.0035203
-0.00350268
-0.00348515
-0.00346771
-0.00345036
-0.00343309
-0.00341591
-0.00339882
-0.00338181
-0.00336488
-0.00334804
-0.00333129
-0.00331462
-0.00329803
-0.00328152
-0.0032651
-0.00324876
-0.0032325
-0.00321632
-0.00320023
-0.00318421
-0.00316828
-0.00315242
-0.00313664
-0.00312094
-0.00310532
-0.00308978
-0.00307432
-0.00305893
-0.00304362
-0.00302839
-0.00301324
-0.00299815
-0.00298315
-0.00296822
-0.00295336
-0.00293858
-0.00292388
-0.00290924
-0.00289468
-0.00288019
-0.00286578
-0.00285144
-0.00283716
-0.00282296
-0.00280884
-0.00279478
-0.00278079
-0.00276687
-0.00275302
-0.00273924
-0.00272553
-0.00271189
-0.00269832
-0.00268481
-0.00267138
-0.002658
-0.0026447
-0.00263146
-0.00261829
-0.00260519
-0.00259215
-0.00257917
-0.00256626
-0.00255342
-0.00254064
-0.00252792
-0.00251527
-0.00250268
-0.00249015
-0.00247769
-0.00246529
-0.00245295
-0.00244067
-0.00242845
-0.0024163
-0.0024042
-0.00239217
-0.00238019
-0.00236828
-0.00235643
-0.00234463
-0.0023329
-0.00232122
-0.0023096
-0.00229804
-0.00228653
-0.00227509
-0.0022637
-0.00225237
-0.0022411
-0.00222988
-0.00221872
-0.00220761
-0.00219656
-0.00218556
-0.00217462
-0.00216374
-0.00215291
-0.00214213
-0.00213141
-0.00212074
-0.00211012
-0.00209956
-0.00208905
-0.00207859
-0.00206818
-0.00205783
-0.00204753
-0.00203728
-0.00202708
-0.00201693
-0.00200684
-0.00199679
-0.0019868
-0.00197685
-0.00196695
-0.00195711
-0.00194731
-0.00193756
-0.00192786
-0.00191821
-0.00190861
-0.00189905
-0.00188955
-0.00188009
-0.00187067
-0.00186131
-0.00185199
-0.00184272
-0.00183349
-0.00182431
-0.00181518
-0.00180609
-0.00179705
-0.00178806
-0.0017791
-0.0017702
-0.00176134
-0.00175252
-0.00174374
-0.00173501
-0.00172633
-0.00171768
-0.00170908
-0.00170053
-0.00169201
-0.00168354
-0.00167511
-0.00166673
-0.00165838
-0.00165008
-0.00164182
-0.0016336
-0.00162542
-0.00161728
-0.00160918
-0.00160113
-0.00159311
-0.00158514
-0.0015772
-0.0015693
-0.00156145
-0.00155363
-0.00154585
-0.00153811
-0.00153041
-0.00152275
-0.00151512
-0.00150753
-0.00149999
-0.00149248
-0.001485
-0.00147757
-0.00147017
-0.00146281
-0.00145548
-0.0014482
-0.00144095
-0.00143373
-0.00142655
-0.00141941
-0.0014123
-0.00140523
-0.00139819
-0.00139119
-0.00138423
-0.0013773
-0.0013704
-0.00136354
-0.00135671
-0.00134992
-0.00134316
-0.00133643
-0.00132974
-0.00132308
-0.00131646
-0.00130986
-0.0013033
-0.00129678
-0.00129028
-0.00128382
-0.00127739
-0.001271
-0.00126463
-0.0012583
-0.001252
-0.00124573
-0.00123949
-0.00123329
-0.00122711
-0.00122096
-0.00121485
-0.00120877
-0.00120271
-0.00119669
-0.0011907
-0.00118474
-0.0011788
-0.0011729
-0.00116703
-0.00116118
-0.00115537
-0.00114958
-0.00114382
-0.0011381
-0.0011324
-0.00112672
-0.00112108
-0.00111547
-0.00110988
-0.00110432
-0.00109879
-0.00109329
-0.00108781
-0.00108237
-0.00107695
-0.00107155
-0.00106619
-0.00106085
-0.00105553
-0.00105025
-0.00104499
-0.00103975
-0.00103455
-0.00102936
-0.00102421
-0.00101908
-0.00101398
-0.0010089
-0.00100384
-0.000998817
-0.000993814
-0.000988837
-0.000983884
-0.000978957
-0.000974054
-0.000969175
-0.000964321
-0.000959491
-0.000954685
-0.000949904
-0.000945146
-0.000940412
-0.000935702
-0.000931015
-0.000926352
-0.000921712
-0.000917095
-0.000912502
-0.000907931
-0.000903384
-0.000898859
-0.000894356
-0.000889877
-0.000885419
-0.000880984
-0.000876572
-0.000872181
-0.000867812
-0.000863465
-0.00085914
-0.000854837
-0.000850555
-0.000846294
-0.000842055
-0.000837837
-0.00083364
-0.000829464
-0.000825309
-0.000821175
-0.000817062
-0.000812969
-0.000808896
-0.000804844
-0.000800813
-0.000796801
-0.00079281
-0.000788838
-0.000784887
-0.000780955
-0.000777043
-0.00077315
-0.000769277
-0.000765423
-0.000761589
-0.000757773
-0.000753977
-0.0007502
-0.000746442
-0.000742703
-0.000738982
-0.00073528
-0.000731596
-0.000727931
-0.000724284
-0.000720656
-0.000717045
-0.000713453
-0.000709879
-0.000706322
-0.000702784
-0.000699263
-0.00069576
-0.000692274
-0.000688806
-0.000685355
-0.000681921
-0.000678505
-0.000675105
-0.000671723
-0.000668357
-0.000665009
-0.000661677
-0.000658362
-0.000655063
-0.000651781
-0.000648516
-0.000645266
-0.000642033
-0.000638817
-0.000635616
-0.000632431
-0.000629263
-0.00062611
-0.000622973
-0.000619851
-0.000616745
-0.000613655
-0.00061058
-0.000607521
-0.000604477
-0.000601448
-0.000598435
-0.000595436
-0.000592452
-0.000589484
-0.00058653
-0.000583591
-0.000580667
-0.000577757
-0.000574862
-0.000571982
-0.000569115
-0.000566264
-0.000563426
-0.000560603
-0.000557794
-0.000554998
-0.000552217
-0.00054945
-0.000546697
-0.000543957
-0.000541231
-0.000538519
-0.000535821
-0.000533135
-0.000530464
-0.000527805
-0.00052516
-0.000522529
-0.00051991
-0.000517305
-0.000514712
-0.000512133
-0.000509566
-0.000507013
-0.000504472
-0.000501944
-0.000499428
-0.000496925
-0.000494435
-0.000491957
-0.000489491
-0.000487038
-0.000484597
-0.000482168
-0.000479752
-0.000477348
-0.000474955
-0.000472575
-0.000470206
-0.00046785
-0.000465505
-0.000463172
-0.00046085
-0.000458541
-0.000456242
-0.000453956
-0.00045168
-0.000449417
-0.000447164
-0.000444923
-0.000442693
-0.000440474
-0.000438266
-0.000436069
-0.000433884
-0.000431709
-0.000429545
-0.000427392
-0.00042525
-0.000423118
-0.000420997
-0.000418887
-0.000416787
-0.000414698
-0.00041262
-0.000410551
-0.000408504
-0.000406453
-0.000404415
-0.000402388
-0.000400371
-0.000398364
-0.000396367
-0.00039438
-0.000392403
-0.000390436
-0.000388478
-0.00038653
-0.000384592
-0.000382664
-0.000380745
-0.000378836
-0.000376937
-0.000375047
-0.000373166
-0.000371295
-0.000369434
-0.000367582
-0.000365739
-0.000363905
-0.00036208
-0.000360265
-0.000358459
-0.000356661
-0.000354873
-0.000353094
-0.000351324
-0.000349562
-0.00034781
-0.000346066
-0.000344331
-0.000342605
-0.000340887
-0.000339178
-0.000337478
-0.000335786
-0.000334102
-0.000332427
-0.00033076
-0.000329102
-0.000327452
-0.00032581
-0.000324176
-0.000322551
-0.000320934
-0.000319325
-0.000317724
-0.00031613
-0.000314545
-0.000312968
-0.000311399
-0.000309838
-0.000308284
-0.000306738
-0.0003052
-0.00030367
-0.000302147
-0.000300632
-0.000299125
-0.000297625
-0.000296132
-0.000294647
-0.00029317
-0.0002917
-0.000290237
-0.000288782
-0.000287334
-0.000285893
-0.000284459
-0.000283033
-0.000281613
-0.000280201
-0.000278796
-0.000277398
-0.000276007
-0.000274623
-0.000273245
-0.000271875
-0.000270512
-0.000269156
-0.000267841
-0.000266533
-0.000265232
-0.000263937
-0.000262649
-0.000261367
-0.000260091
-0.000258822
-0.000257559
-0.000256303
-0.000255053
-0.000253809
-0.000252571
-0.000251339
-0.000250114
-0.000248894
-0.000247681
-0.000246473
-0.000245272
-0.000244077
-0.000242888
-0.000241704
-0.000240527
-0.000239355
-0.00023819
-0.00023703
-0.000235875
-0.000234727
-0.000233584
-0.000232448
-0.000231316
-0.000230191
-0.000229071
-0.000227956
-0.000226847
-0.000225744
-0.000224646
-0.000223554
-0.000222467
-0.000221385
-0.000220309
-0.000219239
-0.000218173
-0.000217113
-0.000216058
-0.000215009
-0.000213965
-0.000212925
-0.000211892
-0.000210863
-0.000209839
-0.000208821
-0.000207807
-0.000206799
-0.000205796
-0.000204797
-0.000203804
-0.000202816
-0.000201832
-0.000200854
-0.00019988
-0.000198911
-0.000197947
-0.000196988
-0.000196034
-0.000195084
-0.000194139
-0.000193199
-0.000192264
-0.000191333
-0.000190407
-0.000189485
-0.000188568
-0.000187656
-0.000186748
-0.000185845
-0.000184946
-0.000184052
-0.000183162
-0.000182277
-0.000181396
-0.000180519
-0.000179647
-0.000178779
-0.000177916
-0.000177057
-0.000176202
-0.000175351
-0.000174505
-0.000173663
-0.000172825
-0.000171991
-0.000171161
-0.000170336
-0.000169514
-0.000168697
-0.000167884
-0.000167075
-0.00016627
-0.000165469
-0.000164672
-0.000163878
-0.000163089
-0.000162304
-0.000161523
-0.000160745
-0.000159972
-0.000159202
-0.000158436
-0.000157675
-0.000156916
-0.000156162
-0.000155411
-0.000154664
-0.000153921
-0.000153182
-0.000152446
-0.000151714
-0.000150986
-0.000150261
-0.00014954
-0.000148822
-0.000148108
-0.000147398
-0.000146691
-0.000145987
-0.000145288
-0.000144591
-0.000143898
-0.000143209
-0.000142523
-0.00014184
-0.000141161
-0.000140485
-0.000139813
-0.000139144
-0.000138478
-0.000137816
-0.000137157
-0.000136501
-0.000135849
-0.000135199
-0.000134553
-0.000133911
-0.000133271
-0.000132635
-0.000132002
-0.000131372
-0.000130745
-0.000130121
-0.0001295
-0.000128883
-0.000128268
-0.000127657
-0.000127048
-0.000126443
-0.000125841
-0.000125242
-0.000124645
-0.000124052
-0.000123462
-0.000122874
-0.00012229
-0.000121708
-0.000121129
-0.000120554
-0.000119981
-0.000119411
-0.000118844
-0.000118279
-0.000117718
-0.000117159
-0.000116603
-0.00011605
-0.000115499
-0.000114952
-0.000114407
-0.000113865
-0.000113325
-0.000112788
-0.000112254
-0.000111723
-0.000111194
-0.000110668
-0.000110144
-0.000109623
-0.000109105
-0.000108589
-0.000108076
-0.000107565
-0.000107057
-0.000106552
-0.000106049
-0.000105548
-0.00010505
-0.000104555
-0.000104062
-0.000103571
-0.000103083
-0.000102597
-0.000102114
-0.000101633
-0.000101155
-0.000100679
-0.000100205
-9.97339e-05
-9.92649e-05
-9.87983e-05
-9.8334e-05
-9.7872e-05
-9.74124e-05
-9.6955e-05
-9.64999e-05
-9.60471e-05
-9.55965e-05
-9.51482e-05
-9.47021e-05
-9.42583e-05
-9.38167e-05
-9.33772e-05
-9.294e-05
-9.2505e-05
-9.20721e-05
-9.16414e-05
-9.12128e-05
-9.07864e-05
-9.03621e-05
-8.99399e-05
-8.95199e-05
-8.91019e-05
-8.8686e-05
-8.82722e-05
-8.78605e-05
-8.74508e-05
-8.70431e-05
-8.66375e-05
-8.62339e-05
-8.58324e-05
-8.54328e-05
-8.50352e-05
-8.46397e-05
-8.4246e-05
-8.38544e-05
-8.34647e-05
-8.3077e-05
-8.26912e-05
-8.23073e-05
-8.19253e-05
-8.15453e-05
-8.11671e-05
-8.07908e-05
-8.04164e-05
-8.00439e-05
-7.96733e-05
-7.93044e-05
-7.89375e-05
-7.85723e-05
-7.8209e-05
-7.78475e-05
-7.74878e-05
-7.71299e-05
-7.67738e-05
-7.64195e-05
-7.60669e-05
-7.57161e-05
-7.5367e-05
-7.50197e-05
-7.46741e-05
-7.43303e-05
-7.39881e-05
-7.36477e-05
-7.3309e-05
-7.29719e-05
-7.26366e-05
-7.23029e-05
-7.19709e-05
-7.16405e-05
-7.13118e-05
-7.09847e-05
-7.06593e-05
-7.03355e-05
-7.00133e-05
-6.96927e-05
-6.93737e-05
-6.90563e-05
-6.87405e-05
-6.84263e-05
-6.81136e-05
-6.78025e-05
-6.7493e-05
-6.7185e-05
-6.68785e-05
-6.65736e-05
-6.62702e-05
-6.59683e-05
-6.56679e-05
-6.5369e-05
-6.50716e-05
-6.47757e-05
-6.44813e-05
-6.41883e-05
-6.38968e-05
-6.36067e-05
-6.33181e-05
-6.3031e-05
-6.27453e-05
-6.2461e-05
-6.21781e-05
-6.18966e-05
-6.16165e-05
-6.13379e-05
-6.10606e-05
-6.07847e-05
-6.05102e-05
-6.02371e-05
-5.99653e-05
-5.96949e-05
-5.94258e-05
-5.91581e-05
-5.88917e-05
-5.86266e-05
-5.83629e-05
-5.81005e-05
-5.78394e-05
-5.75796e-05
-5.7321e-05
-5.70638e-05
-5.68079e-05
-5.65532e-05
-5.62999e-05
-5.60477e-05
-5.57969e-05
-5.55473e-05
-5.52989e-05
-5.50518e-05
-5.48059e-05
-5.45612e-05
-5.43178e-05
-5.40756e-05
-5.38345e-05
-5.35947e-05
-5.33561e-05
-5.31187e-05
-5.28825e-05
-5.26474e-05
-5.24135e-05
-5.21808e-05
-5.19492e-05
-5.17188e-05
-5.14896e-05
-5.12615e-05
-5.10345e-05
-5.08089e-05
-5.05841e-05
-5.03605e-05
-5.0138e-05
-4.99166e-05
-4.96964e-05
-4.94772e-05
-4.92591e-05
-4.90422e-05
-4.88263e-05
-4.86115e-05
-4.83977e-05
-4.81851e-05
-4.79735e-05
-4.77629e-05
-4.75534e-05
-4.7345e-05
-4.71375e-05
-4.69312e-05
-4.67258e-05
-4.65215e-05
-4.63182e-05
-4.61159e-05
-4.59146e-05
-4.57144e-05
-4.55151e-05
-4.53168e-05
-4.51195e-05
-4.49232e-05
-4.47279e-05
-4.45335e-05
-4.43402e-05
-4.41477e-05
-4.39563e-05
-4.37658e-05
-4.35763e-05
-4.33877e-05
-4.32e-05
-4.30133e-05
-4.28275e-05
-4.26426e-05
-4.24587e-05
-4.22757e-05
-4.20936e-05
-4.19124e-05
-4.17321e-05
-4.15527e-05
-4.13742e-05
-4.11966e-05
-4.10199e-05
-4.0844e-05
-4.06691e-05
-4.0495e-05
-4.03218e-05
-4.01494e-05
-3.99779e-05
-3.98073e-05
-3.96375e-05
-3.94686e-05
-3.93005e-05
-3.91332e-05
-3.89668e-05
-3.88012e-05
-3.86364e-05
-3.84725e-05
-3.83094e-05
-3.81471e-05
-3.79856e-05
-3.78249e-05
-3.7665e-05
-3.75059e-05
-3.73476e-05
-3.71901e-05
-3.70334e-05
-3.68775e-05
-3.67223e-05
-3.65679e-05
-3.64143e-05
-3.62615e-05
-3.61094e-05
-3.5958e-05
-3.58075e-05
-3.56577e-05
-3.55086e-05
-3.53603e-05
-3.52127e-05
-3.50658e-05
-3.49197e-05
-3.47743e-05
-3.46297e-05
-3.44857e-05
-3.43425e-05
-3.42e-05
-3.40582e-05
-3.39171e-05
-3.37767e-05
-3.36371e-05
-3.34981e-05
-3.33598e-05
-3.32222e-05
-3.30853e-05
-3.2949e-05
-3.28135e-05
-3.26786e-05
-3.25444e-05
-3.24109e-05
-3.2278e-05
-3.21458e-05
-3.20143e-05
-3.18834e-05
-3.17532e-05
-3.16258e-05
-3.14966e-05
-3.1368e-05
-3.12401e-05
-3.1113e-05
-3.09868e-05
-3.08612e-05
-3.07361e-05
-3.06117e-05
-3.04879e-05
-3.03646e-05
-3.0242e-05
-3.012e-05
-2.99985e-05
-2.98777e-05
-2.97574e-05
-2.96378e-05
-2.95187e-05
-2.94003e-05
-2.92824e-05
-2.91651e-05
-2.90485e-05
-2.89323e-05
-2.88168e-05
-2.87018e-05
-2.85878e-05
-2.84737e-05
-2.83603e-05
-2.82475e-05
-2.81353e-05
-2.80238e-05
-2.79127e-05
-2.78023e-05
-2.76924e-05
-2.75831e-05
-2.74743e-05
-2.7366e-05
-2.72583e-05
-2.71511e-05
-2.70445e-05
-2.69384e-05
-2.68328e-05
-2.67278e-05
-2.66232e-05
-2.65192e-05
-2.64158e-05
-2.63128e-05
-2.62103e-05
-2.61084e-05
-2.6007e-05
-2.59061e-05
-2.58056e-05
-2.57057e-05
-2.56063e-05
-2.55074e-05
-2.5409e-05
-2.5311e-05
-2.52136e-05
-2.51166e-05
-2.50201e-05
-2.49241e-05
-2.48286e-05
-2.47336e-05
-2.4639e-05
-2.4545e-05
-2.44513e-05
-2.43582e-05
-2.42655e-05
-2.41733e-05
-2.40815e-05
-2.39902e-05
-2.38994e-05
-2.3809e-05
-2.3719e-05
-2.36295e-05
-2.35405e-05
-2.34519e-05
-2.33637e-05
-2.3276e-05
-2.31887e-05
-2.31019e-05
-2.30154e-05
-2.29295e-05
-2.28439e-05
-2.27588e-05
-2.26741e-05
-2.25898e-05
-2.2506e-05
-2.24225e-05
-2.23395e-05
-2.22569e-05
-2.21747e-05
-2.20929e-05
-2.20115e-05
-2.19306e-05
-2.185e-05
-2.17698e-05
-2.16901e-05
-2.16107e-05
-2.15317e-05
-2.14531e-05
-2.1375e-05
-2.12972e-05
-2.12197e-05
-2.11427e-05
-2.10661e-05
-2.09898e-05
-2.0914e-05
-2.08385e-05
-2.07633e-05
-2.06886e-05
-2.06142e-05
-2.05402e-05
-2.04666e-05
-2.03933e-05
-2.03204e-05
-2.02479e-05
-2.01757e-05
-2.01039e-05
-2.00324e-05
-1.99613e-05
-1.98906e-05
-1.98202e-05
-1.97501e-05
-1.96804e-05
-1.96111e-05
-1.95421e-05
-1.94734e-05
-1.94051e-05
-1.93371e-05
-1.92695e-05
-1.92022e-05
-1.91352e-05
-1.90686e-05
-1.90023e-05
-1.89364e-05
-1.88707e-05
-1.88054e-05
-1.87404e-05
-1.86758e-05
-1.86114e-05
-1.85474e-05
-1.84837e-05
-1.84203e-05
-1.83573e-05
-1.82945e-05
-1.82321e-05
-1.817e-05
-1.81081e-05
-1.80466e-05
-1.79854e-05
-1.79245e-05
-1.78639e-05
-1.78037e-05
-1.77437e-05
-1.7684e-05
-1.76246e-05
-1.75655e-05
-1.75067e-05
-1.74482e-05
-1.739e-05
-1.7332e-05
-1.72744e-05
-1.7217e-05
-1.716e-05
-1.71032e-05
-1.70467e-05
-1.69905e-05
-1.69345e-05
-1.68789e-05
-1.68235e-05
-1.67684e-05
-1.67136e-05
-1.6659e-05
-1.66047e-05
-1.65507e-05
-1.6497e-05
-1.64435e-05
-1.63903e-05
-1.63373e-05
-1.62846e-05
-1.62322e-05
-1.61801e-05
-1.61282e-05
-1.60765e-05
-1.60251e-05
-1.5974e-05
-1.59231e-05
-1.58725e-05
-1.58222e-05
-1.5772e-05
-1.57222e-05
-1.56726e-05
-1.56232e-05
-1.55741e-05
-1.55252e-05
-1.54766e-05
-1.54282e-05
-1.538e-05
-1.53321e-05
-1.52844e-05
-1.5237e-05
-1.51898e-05
-1.51428e-05
-1.50961e-05
-1.50496e-05
-1.50033e-05
-1.49573e-05
-1.49115e-05
-1.48659e-05
-1.48206e-05
-1.47754e-05
-1.47305e-05
-1.46859e-05
-1.46414e-05
-1.45972e-05
-1.45532e-05
-1.45094e-05
-1.44658e-05
-1.44224e-05
-1.43793e-05
-1.43364e-05
-1.42936e-05
-1.42511e-05
-1.42089e-05
-1.41668e-05
-1.41249e-05
-1.40833e-05
-1.40418e-05
-1.40006e-05
-1.39595e-05
-1.39187e-05
-1.3878e-05
-1.38376e-05
-1.37974e-05
-1.37576e-05
-1.37177e-05
-1.3678e-05
-1.36385e-05
-1.35993e-05
-1.35602e-05
-1.35213e-05
-1.34827e-05
-1.34442e-05
-1.34059e-05
-1.33678e-05
-1.33299e-05
-1.32922e-05
-1.32547e-05
-1.32174e-05
-1.31803e-05
-1.31433e-05
-1.31065e-05
-1.30699e-05
-1.30335e-05
-1.29973e-05
-1.29612e-05
-1.29254e-05
-1.28897e-05
-1.28542e-05
-1.28188e-05
-1.27837e-05
-1.27487e-05
-1.27139e-05
-1.26793e-05
-1.26448e-05
-1.26105e-05
-1.25764e-05
-1.25424e-05
-1.25086e-05
-1.2475e-05
-1.24416e-05
-1.24083e-05
-1.23752e-05
-1.23422e-05
-1.23094e-05
-1.22768e-05
-1.22444e-05
-1.22121e-05
-1.21799e-05
-1.21479e-05
-1.21161e-05
-1.20845e-05
-1.2053e-05
-1.20216e-05
-1.19904e-05
-1.19594e-05
-1.19285e-05
-1.18978e-05
-1.18672e-05
-1.18368e-05
-1.18065e-05
-1.17764e-05
-1.17464e-05
-1.17166e-05
-1.16869e-05
-1.16574e-05
-1.1628e-05
-1.15988e-05
-1.15697e-05
-1.15407e-05
-1.15119e-05
-1.14833e-05
-1.14548e-05
-1.14264e-05
-1.13981e-05
-1.13701e-05
-1.13421e-05
-1.13143e-05
-1.12866e-05
-1.12591e-05
-1.12317e-05
-1.12044e-05
-1.11773e-05
-1.11503e-05
-1.11234e-05
-1.10967e-05
-1.10701e-05
-1.10436e-05
-1.10173e-05
-1.09911e-05
-1.09651e-05
-1.09391e-05
-1.09133e-05
-1.08876e-05
-1.08621e-05
-1.08366e-05
-1.08113e-05
-1.07862e-05
-1.07611e-05
-1.07362e-05
-1.07114e-05
-1.06867e-05
-1.06621e-05
-1.06377e-05
-1.06134e-05
-1.05892e-05
-1.05651e-05
-1.05412e-05
-1.05173e-05
-1.04936e-05
-1.047e-05
-1.04466e-05
-1.04232e-05
-1.03999e-05
-1.03768e-05
-1.03538e-05
-1.03309e-05
-1.03081e-05
-1.02854e-05
-1.02629e-05
-1.02404e-05
-1.02181e-05
-1.01958e-05
-1.01737e-05
-1.01517e-05
-1.01298e-05
-1.0108e-05
-1.00863e-05
-1.00648e-05
-1.00433e-05
-1.00219e-05
-1.00007e-05
-9.97952e-06
