-0.230731
-0.226452
-0.222522
-0.218896
-0.215539
-0.212422
-0.209405
-0.206482
-0.203651
-0.200902
-0.198172
-0.195539
-0.193019
-0.190611
-0.188265
-0.185981
-0.183748
-0.181571
-0.17945
-0.177383
-0.175368
-0.173404
-0.171488
-0.169618
-0.167818
-0.166059
-0.164338
-0.162656
-0.161009
-0.159396
-0.157818
-0.156271
-0.154756
-0.153271
-0.151816
-0.150388
-0.148988
-0.147614
-0.146266
-0.144942
-0.143643
-0.142367
-0.141113
-0.139881
-0.13867
-0.13748
-0.13631
-0.135159
-0.134028
-0.132914
-0.131818
-0.13074
-0.129678
-0.128633
-0.127603
-0.12659
-0.125591
-0.124607
-0.123637
-0.122681
-0.121739
-0.12081
-0.119894
-0.118991
-0.1181
-0.117221
-0.116354
-0.115498
-0.114654
-0.11382
-0.112997
-0.112185
-0.111383
-0.110591
-0.109808
-0.109035
-0.108272
-0.107518
-0.106772
-0.106036
-0.105308
-0.104588
-0.103877
-0.103174
-0.102478
-0.101791
-0.101111
-0.100438
-0.0997733
-0.0991153
-0.0984644
-0.0978204
-0.0971831
-0.0965526
-0.0959285
-0.0953109
-0.0946995
-0.0940943
-0.0934952
-0.0929021
-0.0923148
-0.0917333
-0.0911574
-0.0905871
-0.0900223
-0.0894629
-0.0889087
-0.0883597
-0.0878158
-0.087277
-0.0867431
-0.0862141
-0.0856899
-0.0851703
-0.0846555
-0.0841451
-0.0836393
-0.0831379
-0.0826409
-0.0821482
-0.0816596
-0.0811753
-0.0806951
-0.0802189
-0.0797466
-0.0792783
-0.0788139
-0.0783533
-0.0778965
-0.0774433
-0.0769939
-0.076548
-0.0761057
-0.0756669
-0.0752315
-0.0747996
-0.074371
-0.0739457
-0.0735238
-0.073105
-0.0726895
-0.0722771
-0.0718679
-0.0714617
-0.0710585
-0.0706583
-0.0702611
-0.0698668
-0.0694754
-0.0690869
-0.0687012
-0.0683182
-0.067938
-0.0675606
-0.0671858
-0.0668136
-0.0664441
-0.0660772
-0.0657129
-0.065351
-0.0649917
-0.0646349
-0.0642805
-0.0639286
-0.063579
-0.0632318
-0.062887
-0.0625445
-0.0622043
-0.0618663
-0.0615306
-0.0611971
-0.0608659
-0.0605368
-0.0602098
-0.059885
-0.0595623
-0.0592417
-0.0589232
-0.0586067
-0.0582923
-0.0579798
-0.0576694
-0.0573609
-0.0570544
-0.0567498
-0.0564471
-0.0561464
-0.0558475
-0.0555504
-0.0552552
-0.0549619
-0.0546703
-0.0543806
-0.0540926
-0.0538064
-0.053522
-0.0532392
-0.0529582
-0.0526789
-0.0524013
-0.0521253
-0.0518511
-0.0515784
-0.0513074
-0.051038
-0.0507702
-0.050504
-0.0502394
-0.0499763
-0.0497148
-0.0494548
-0.0491963
-0.0489394
-0.048684
-0.04843
-0.0481775
-0.0479265
-0.047677
-0.0474289
-0.0471822
-0.0469369
-0.0466931
-0.0464506
-0.0462095
-0.0459698
-0.0457315
-0.0454945
-0.0452589
-0.0450246
-0.0447917
-0.04456
-0.0443297
-0.0441007
-0.0438729
-0.0436464
-0.0434212
-0.0431973
-0.0429746
-0.0427531
-0.0425329
-0.0423139
-0.0420961
-0.0418796
-0.0416642
-0.04145
-0.041237
-0.0410252
-0.0408145
-0.040605
-0.0403967
-0.0401894
-0.0399834
-0.0397784
-0.0395746
-0.0393719
-0.0391703
-0.0389697
-0.0387703
-0.038572
-0.0383747
-0.0381785
-0.0379834
-0.0377893
-0.0375962
-0.0374043
-0.0372133
-0.0370234
-0.0368345
-0.0366466
-0.0364597
-0.0362738
-0.0360889
-0.035905
-0.0357221
-0.0355401
-0.0353592
-0.0351791
-0.0350001
-0.034822
-0.0346449
-0.0344686
-0.0342934
-0.034119
-0.0339456
-0.0337731
-0.0336015
-0.0334308
-0.033261
-0.0330922
-0.0329242
-0.0327571
-0.0325908
-0.0324255
-0.032261
-0.0320974
-0.0319346
-0.0317727
-0.0316116
-0.0314514
-0.031292
-0.0311335
-0.0309758
-0.0308189
-0.0306628
-0.0305076
-0.0303531
-0.0301995
-0.0300467
-0.0298946
-0.0297434
-0.0295929
-0.0294432
-0.0292943
-0.0291462
-0.0289988
-0.0288522
-0.0287064
-0.0285613
-0.028417
-0.0282734
-0.0281306
-0.0279885
-0.0278471
-0.0277065
-0.0275666
-0.0274274
-0.027289
-0.0271512
-0.0270142
-0.0268779
-0.0267422
-0.0266073
-0.0264731
-0.0263395
-0.0262067
-0.0260745
-0.025943
-0.0258122
-0.0256821
-0.0255526
-0.0254238
-0.0252956
-0.0251682
-0.0250413
-0.0249151
-0.0247896
-0.0246647
-0.0245405
-0.0244168
-0.0242939
-0.0241715
-0.0240498
-0.0239287
-0.0238082
-0.0236883
-0.0235691
-0.0234504
-0.0233324
-0.0232149
-0.0230981
-0.0229818
-0.0228662
-0.0227511
-0.0226367
-0.0225228
-0.0224095
-0.0222967
-0.0221846
-0.022073
-0.021962
-0.0218515
-0.0217416
-0.0216323
-0.0215235
-0.0214153
-0.0213076
-0.0212005
-0.0210939
-0.0209879
-0.0208824
-0.0207775
-0.020673
-0.0205691
-0.0204658
-0.0203629
-0.0202606
-0.0201588
-0.0200575
-0.0199567
-0.0198565
-0.0197567
-0.0196575
-0.0195587
-0.0194605
-0.0193627
-0.0192655
-0.0191687
-0.0190725
-0.0189767
-0.0188814
-0.0187866
-0.0186923
-0.0185984
-0.018505
-0.0184121
-0.0183197
-0.0182277
-0.0181362
-0.0180452
-0.0179546
-0.0178645
-0.0177748
-0.0176856
-0.0175968
-0.0175085
-0.0174207
-0.0173332
-0.0172462
-0.0171597
-0.0170736
-0.0169879
-0.0169027
-0.0168179
-0.0167335
-0.0166496
-0.016566
-0.0164829
-0.0164002
-0.016318
-0.0162361
-0.0161547
-0.0160736
-0.015993
-0.0159128
-0.015833
-0.0157536
-0.0156746
-0.015596
-0.0155177
-0.0154399
-0.0153625
-0.0152855
-0.0152088
-0.0151326
-0.0150567
-0.0149812
-0.0149061
-0.0148313
-0.014757
-0.014683
-0.0146094
-0.0145361
-0.0144632
-0.0143907
-0.0143186
-0.0142468
-0.0141754
-0.0141043
-0.0140336
-0.0139633
-0.0138933
-0.0138237
-0.0137544
-0.0136854
-0.0136168
-0.0135486
-0.0134807
-0.0134131
-0.0133459
-0.013279
-0.0132125
-0.0131463
-0.0130804
-0.0130148
-0.0129496
-0.0128847
-0.0128202
-0.0127559
-0.012692
-0.0126284
-0.0125651
-0.0125022
-0.0124395
-0.0123772
-0.0123152
-0.0122535
-0.0121921
-0.012131
-0.0120702
-0.0120098
-0.0119496
-0.0118897
-0.0118302
-0.0117709
-0.0117119
-0.0116533
-0.0115949
-0.0115368
-0.011479
-0.0114215
-0.0113643
-0.0113074
-0.0112507
-0.0111944
-0.0111383
-0.0110825
-0.011027
-0.0109718
-0.0109168
-0.0108621
-0.0108077
-0.0107536
-0.0106997
-0.0106461
-0.0105928
-0.0105398
-0.010487
-0.0104345
-0.0103822
-0.0103302
-0.0102785
-0.010227
-0.0101758
-0.0101248
-0.0100741
-0.0100237
-0.00997347
-0.00992353
-0.00987384
-0.00982439
-0.00977519
-0.00972625
-0.00967754
-0.00962908
-0.00958086
-0.00953289
-0.00948516
-0.00943766
-0.00939041
-0.00934339
-0.0092966
-0.00925005
-0.00920374
-0.00915765
-0.0091118
-0.00906618
-0.00902079
-0.00897562
-0.00893069
-0.00888599
-0.00884152
-0.00879727
-0.00875324
-0.00870943
-0.00866584
-0.00862247
-0.00857932
-0.00853638
-0.00849366
-0.00845115
-0.00840886
-0.00836677
-0.0083249
-0.00828323
-0.00824178
-0.00820053
-0.00815949
-0.00811866
-0.00807802
-0.0080376
-0.00799737
-0.00795735
-0.00791752
-0.0078779
-0.00783847
-0.00779925
-0.00776021
-0.00772138
-0.00768274
-0.00764429
-0.00760603
-0.00756797
-0.00753009
-0.00749241
-0.00745491
-0.00741761
-0.00738048
-0.00734355
-0.0073068
-0.00727023
-0.00723385
-0.00719765
-0.00716163
-0.00712579
-0.00709013
-0.00705465
-0.00701934
-0.00698422
-0.00694926
-0.00691449
-0.00687989
-0.00684546
-0.0068112
-0.00677712
-0.0067432
-0.00670946
-0.00667588
-0.00664247
-0.00660923
-0.00657616
-0.00654325
-0.00651051
-0.00647793
-0.00644551
-0.00641326
-0.00638116
-0.00634923
-0.00631746
-0.00628585
-0.00625439
-0.00622309
-0.00619195
-0.00616097
-0.00613014
-0.00609946
-0.00606894
-0.00603857
-0.00600836
-0.00597829
-0.00594837
-0.00591861
-0.00588899
-0.00585952
-0.0058302
-0.00580103
-0.005772
-0.00574312
-0.00571438
-0.00568579
-0.00565734
-0.00562903
-0.00560086
-0.00557284
-0.00554495
-0.0055172
-0.0054896
-0.00546213
-0.0054348
-0.0054076
-0.00538054
-0.00535362
-0.00532683
-0.00530018
-0.00527366
-0.00524727
-0.00522102
-0.00519489
-0.0051689
-0.00514304
-0.0051173
-0.0050917
-0.00506622
-0.00504087
-0.00501565
-0.00499055
-0.00496558
-0.00494074
-0.00491601
-0.00489142
-0.00486694
-0.00484259
-0.00481836
-0.00479425
-0.00477026
-0.0047464
-0.00472265
-0.00469902
-0.00467551
-0.00465211
-0.00462884
-0.00460568
-0.00458263
-0.0045597
-0.00453689
-0.00451419
-0.0044916
-0.00446913
-0.00444677
-0.00442452
-0.00440238
-0.00438036
-0.00435844
-0.00433664
-0.00431494
-0.00429335
-0.00427187
-0.0042505
-0.00422923
-0.00420807
-0.00418702
-0.00416607
-0.00414522
-0.00412448
-0.00410385
-0.00408332
-0.00406289
-0.00404256
-0.00402233
-0.00400221
-0.00398219
-0.00396226
-0.00394244
-0.00392271
-0.00390309
-0.00388356
-0.00386413
-0.0038448
-0.00382556
-0.00380642
-0.00378738
-0.00376843
-0.00374958
-0.00373082
-0.00371215
-0.00369358
-0.0036751
-0.00365672
-0.00363842
-0.00362022
-0.00360211
-0.00358409
-0.00356616
-0.00354831
-0.00353056
-0.0035129
-0.00349533
-0.00347784
-0.00346044
-0.00344313
-0.0034259
-0.00340876
-0.00339171
-0.00337474
-0.00335786
-0.00334106
-0.00332435
-0.00330771
-0.00329117
-0.0032747
-0.00325832
-0.00324202
-0.0032258
-0.00320966
-0.0031936
-0.00317763
-0.00316173
-0.00314591
-0.00313018
-0.00311452
-0.00309894
-0.00308343
-0.00306801
-0.00305266
-0.00303739
-0.00302219
-0.00300707
-0.00299203
-0.00297706
-0.00296217
-0.00294735
-0.00293261
-0.00291794
-0.00290334
-0.00288882
-0.00287436
-0.00285998
-0.00284568
-0.00283144
-0.00281728
-0.00280318
-0.00278916
-0.00277521
-0.00276133
-0.00274751
-0.00273377
-0.00272009
-0.00270648
-0.00269295
-0.00267947
-0.00266607
-0.00265273
-0.00263946
-0.00262626
-0.00261312
-0.00260005
-0.00258704
-0.0025741
-0.00256123
-0.00254841
-0.00253567
-0.00252298
-0.00251036
-0.0024978
-0.00248531
-0.00247288
-0.00246051
-0.0024482
-0.00243595
-0.00242377
-0.00241164
-0.00239958
-0.00238757
-0.00237563
-0.00236375
-0.00235192
-0.00234016
-0.00232845
-0.0023168
-0.00230522
-0.00229368
-0.00228221
-0.00227079
-0.00225944
-0.00224813
-0.00223689
-0.0022257
-0.00221457
-0.00220349
-0.00219247
-0.0021815
-0.00217059
-0.00215973
-0.00214893
-0.00213818
-0.00212748
-0.00211684
-0.00210625
-0.00209571
-0.00208523
-0.0020748
-0.00206442
-0.0020541
-0.00204382
-0.0020336
-0.00202343
-0.0020133
-0.00200323
-0.00199321
-0.00198324
-0.00197332
-0.00196345
-0.00195363
-0.00194386
-0.00193414
-0.00192446
-0.00191483
-0.00190526
-0.00189573
-0.00188624
-0.00187681
-0.00186742
-0.00185808
-0.00184879
-0.00183954
-0.00183034
-0.00182118
-0.00181207
-0.00180301
-0.00179399
-0.00178502
-0.00177609
-0.0017672
-0.00175837
-0.00174957
-0.00174082
-0.00173211
-0.00172345
-0.00171483
-0.00170625
-0.00169772
-0.00168922
-0.00168077
-0.00167237
-0.001664
-0.00165568
-0.0016474
-0.00163916
-0.00163096
-0.0016228
-0.00161468
-0.00160661
-0.00159857
-0.00159058
-0.00158262
-0.0015747
-0.00156683
-0.00155899
-0.00155119
-0.00154343
-0.00153571
-0.00152803
-0.00152039
-0.00151279
-0.00150522
-0.00149769
-0.0014902
-0.00148275
-0.00147533
-0.00146795
-0.00146061
-0.0014533
-0.00144603
-0.0014388
-0.0014316
-0.00142444
-0.00141732
-0.00141023
-0.00140318
-0.00139616
-0.00138918
-0.00138223
-0.00137531
-0.00136843
-0.00136159
-0.00135478
-0.001348
-0.00134126
-0.00133455
-0.00132788
-0.00132124
-0.00131463
-0.00130805
-0.00130151
-0.001295
-0.00128852
-0.00128208
-0.00127567
-0.00126929
-0.00126294
-0.00125662
-0.00125034
-0.00124408
-0.00123786
-0.00123167
-0.00122551
-0.00121938
-0.00121328
-0.00120721
-0.00120117
-0.00119517
-0.00118919
-0.00118324
-0.00117732
-0.00117143
-0.00116557
-0.00115974
-0.00115394
-0.00114817
-0.00114243
-0.00113672
-0.00113103
-0.00112537
-0.00111975
-0.00111415
-0.00110857
-0.00110303
-0.00109751
-0.00109202
-0.00108656
-0.00108113
-0.00107572
-0.00107034
-0.00106499
-0.00105966
-0.00105436
-0.00104909
-0.00104384
-0.00103862
-0.00103342
-0.00102825
-0.00102311
-0.00101799
-0.0010129
-0.00100784
-0.0010028
-0.000997781
-0.000992791
-0.000987825
-0.000982885
-0.000977969
-0.000973078
-0.000968211
-0.000963368
-0.00095855
-0.000953756
-0.000948986
-0.00094424
-0.000939517
-0.000934818
-0.000930143
-0.000925491
-0.000920862
-0.000916256
-0.000911674
-0.000907114
-0.000902577
-0.000898063
-0.000893572
-0.000889102
-0.000884656
-0.000880231
-0.000875829
-0.000871449
-0.00086709
-0.000862753
-0.000858438
-0.000854145
-0.000849873
-0.000845623
-0.000841394
-0.000837186
-0.000832999
-0.000828833
-0.000824688
-0.000820563
-0.00081646
-0.000812376
-0.000808314
-0.000804271
-0.000800249
-0.000796247
-0.000792264
-0.000788302
-0.00078436
-0.000780437
-0.000776534
-0.00077265
-0.000768786
-0.000764941
-0.000761116
-0.000757309
-0.000753522
-0.000749753
-0.000746004
-0.000742273
-0.000738561
-0.000734867
-0.000731192
-0.000727535
-0.000723897
-0.000720276
-0.000716674
-0.00071309
-0.000709524
-0.000705975
-0.000702445
-0.000698932
-0.000695436
-0.000691958
-0.000688498
-0.000685054
-0.000681628
-0.000678219
-0.000674828
-0.000671453
-0.000668095
-0.000664754
-0.000661429
-0.000658121
-0.00065483
-0.000651555
-0.000648297
-0.000645054
-0.000641828
-0.000638619
-0.000635425
-0.000632247
-0.000629085
-0.000625939
-0.000622809
-0.000619694
-0.000616595
-0.000613511
-0.000610443
-0.00060739
-0.000604352
-0.00060133
-0.000598323
-0.000595331
-0.000592353
-0.000589391
-0.000586443
-0.000583511
-0.000580592
-0.000577689
-0.0005748
-0.000571926
-0.000569065
-0.00056622
-0.000563388
-0.000560571
-0.000557768
-0.000554979
-0.000552204
-0.000549443
-0.000546695
-0.000543961
-0.000541241
-0.000538535
-0.000535842
-0.000533162
-0.000530496
-0.000527844
-0.000525204
-0.000522578
-0.000519965
-0.000517365
-0.000514778
-0.000512203
-0.000509642
-0.000507094
-0.000504558
-0.000502035
-0.000499525
-0.000497027
-0.000494541
-0.000492069
-0.000489608
-0.00048716
-0.000484724
-0.0004823
-0.000479889
-0.000477489
-0.000475102
-0.000472726
-0.000470362
-0.000468011
-0.00046567
-0.000463342
-0.000461025
-0.00045872
-0.000456426
-0.000454144
-0.000451873
-0.000449614
-0.000447366
-0.000445129
-0.000442903
-0.000440689
-0.000438485
-0.000436293
-0.000434111
-0.000431941
-0.000429781
-0.000427632
-0.000425494
-0.000423366
-0.000421249
-0.000419143
-0.000417047
-0.000414962
-0.000412887
-0.000410823
-0.000408769
-0.000406725
-0.000404691
-0.000402668
-0.000400654
-0.000398651
-0.000396658
-0.000394675
-0.000392701
-0.000390738
-0.000388784
-0.00038684
-0.000384906
-0.000382981
-0.000381066
-0.000379161
-0.000377265
-0.000375379
-0.000373502
-0.000371635
-0.000369776
-0.000367927
-0.000366088
-0.000364257
-0.000362436
-0.000360624
-0.000358821
-0.000357027
-0.000355242
-0.000353465
-0.000351698
-0.00034994
-0.00034819
-0.000346449
-0.000344719
-0.000342995
-0.00034128
-0.000339573
-0.000337875
-0.000336185
-0.000334504
-0.000332832
-0.000331167
-0.000329511
-0.000327864
-0.000326225
-0.000324593
-0.000322971
-0.000321356
-0.000319749
-0.00031815
-0.00031656
-0.000314977
-0.000313402
-0.000311835
-0.000310276
-0.000308725
-0.000307181
-0.000305645
-0.000304117
-0.000302596
-0.000301083
-0.000299578
-0.00029808
-0.00029659
-0.000295107
-0.000293632
-0.000292163
-0.000290703
-0.000289249
-0.000287803
-0.000286364
-0.000284932
-0.000283508
-0.00028209
-0.00028068
-0.000279277
-0.00027788
-0.000276491
-0.000275109
-0.000273733
-0.000272365
-0.000271003
-0.000269648
-0.0002683
-0.000266958
-0.000265624
-0.000264296
-0.000262974
-0.000261659
-0.000260351
-0.000259049
-0.000257754
-0.000256466
-0.000255183
-0.000253908
-0.000252638
-0.000251375
-0.000250118
-0.000248868
-0.000247623
-0.000246385
-0.000245154
-0.000243928
-0.000242708
-0.000241495
-0.000240287
-0.000239086
-0.000237891
-0.000236701
-0.000235518
-0.00023434
-0.000233169
-0.000232003
-0.000230843
-0.000229689
-0.000228541
-0.000227398
-0.000226261
-0.00022513
-0.000224004
-0.000222884
-0.00022177
-0.000220661
-0.000219558
-0.00021846
-0.000217368
-0.000216282
-0.0002152
-0.000214124
-0.000213054
-0.000211989
-0.000210929
-0.000209874
-0.000208825
-0.000207781
-0.000206742
-0.000205709
-0.00020468
-0.000203657
-0.000202639
-0.000201626
-0.000200617
-0.000199615
-0.000198617
-0.000197624
-0.000196636
-0.000195652
-0.000194674
-0.000193701
-0.000192733
-0.000191769
-0.00019081
-0.000189856
-0.000188907
-0.000187963
-0.000187023
-0.000186088
-0.000185158
-0.000184232
-0.000183311
-0.000182395
-0.000181483
-0.000180575
-0.000179673
-0.000178774
-0.000177881
-0.000176991
-0.000176107
-0.000175226
-0.00017435
-0.000173478
-0.000172611
-0.000171748
-0.00017089
-0.000170035
-0.000169185
-0.000168339
-0.000167498
-0.00016666
-0.000165827
-0.000164998
-0.000164173
-0.000163353
-0.000162536
-0.000161723
-0.000160915
-0.00016011
-0.00015931
-0.000158514
-0.000157721
-0.000156933
-0.000156148
-0.000155367
-0.000154591
-0.000153818
-0.000153049
-0.000152284
-0.000151523
-0.000150765
-0.000150011
-0.000149261
-0.000148515
-0.000147773
-0.000147034
-0.000146299
-0.000145568
-0.00014484
-0.000144116
-0.000143395
-0.000142679
-0.000141965
-0.000141256
-0.000140549
-0.000139847
-0.000139148
-0.000138452
-0.00013776
-0.000137071
-0.000136386
-0.000135704
-0.000135026
-0.000134351
-0.000133679
-0.000133011
-0.000132346
-0.000131684
-0.000131026
-0.000130371
-0.000129719
-0.000129071
-0.000128426
-0.000127784
-0.000127145
-0.000126509
-0.000125877
-0.000125248
-0.000124622
-0.000123999
-0.000123379
-0.000122762
-0.000122148
-0.000121538
-0.00012093
-0.000120326
-0.000119724
-0.000119126
-0.00011853
-0.000117938
-0.000117348
-0.000116762
-0.000116178
-0.000115597
-0.000115019
-0.000114444
-0.000113872
-0.000113303
-0.000112737
-0.000112173
-0.000111612
-0.000111054
-0.000110499
-0.000109947
-0.000109397
-0.00010885
-0.000108306
-0.000107765
-0.000107226
-0.00010669
-0.000106157
-0.000105626
-0.000105098
-0.000104573
-0.00010405
-0.00010353
-0.000103013
-0.000102498
-0.000101985
-0.000101476
-0.000100968
-0.000100464
-9.99615e-05
-9.94618e-05
-9.89646e-05
-9.847e-05
-9.79777e-05
-9.7488e-05
-9.70007e-05
-9.65158e-05
-9.60334e-05
-9.55534e-05
-9.50758e-05
-9.46005e-05
-9.41277e-05
-9.36572e-05
-9.3189e-05
-9.27232e-05
-9.22597e-05
-9.17986e-05
-9.13397e-05
-9.08832e-05
-9.04289e-05
-8.99769e-05
-8.95272e-05
-8.90797e-05
-8.86344e-05
-8.81914e-05
-8.77506e-05
-8.7312e-05
-8.68756e-05
-8.64413e-05
-8.60093e-05
-8.55794e-05
-8.51516e-05
-8.4726e-05
-8.43025e-05
-8.38812e-05
-8.34619e-05
-8.30447e-05
-8.26297e-05
-8.22167e-05
-8.18057e-05
-8.13968e-05
-8.099e-05
-8.05852e-05
-8.01824e-05
-7.97817e-05
-7.93829e-05
-7.89861e-05
-7.85913e-05
-7.81985e-05
-7.78077e-05
-7.74188e-05
-7.70319e-05
-7.66468e-05
-7.62638e-05
-7.58826e-05
-7.55033e-05
-7.5126e-05
-7.47505e-05
-7.43769e-05
-7.40051e-05
-7.36353e-05
-7.32672e-05
-7.2901e-05
-7.25367e-05
-7.21742e-05
-7.18134e-05
-7.14545e-05
-7.10974e-05
-7.07421e-05
-7.03885e-05
-7.00367e-05
-6.96867e-05
-6.93384e-05
-6.89918e-05
-6.8647e-05
-6.83039e-05
-6.79626e-05
-6.76229e-05
-6.7285e-05
-6.69487e-05
-6.66141e-05
-6.62812e-05
-6.59499e-05
-6.56203e-05
-6.52924e-05
-6.49661e-05
-6.46414e-05
-6.43183e-05
-6.39969e-05
-6.3677e-05
-6.33588e-05
-6.30422e-05
-6.27271e-05
-6.24136e-05
-6.21017e-05
-6.17913e-05
-6.14825e-05
-6.11753e-05
-6.08696e-05
-6.05654e-05
-6.02627e-05
-5.99615e-05
-5.96619e-05
-5.93637e-05
-5.9067e-05
-5.87719e-05
-5.84782e-05
-5.81859e-05
-5.78951e-05
-5.76058e-05
-5.73179e-05
-5.70315e-05
-5.67465e-05
-5.64629e-05
-5.61808e-05
-5.59e-05
-5.56207e-05
-5.53427e-05
-5.50662e-05
-5.4791e-05
-5.45172e-05
-5.42447e-05
-5.39737e-05
-5.3704e-05
-5.34356e-05
-5.31686e-05
-5.29029e-05
-5.26385e-05
-5.23755e-05
-5.21138e-05
-5.18533e-05
-5.15942e-05
-5.13364e-05
-5.10799e-05
-5.08246e-05
-5.05707e-05
-5.0318e-05
-5.00665e-05
-4.98164e-05
-4.95674e-05
-4.93197e-05
-4.90733e-05
-4.88281e-05
-4.85841e-05
-4.83413e-05
-4.80998e-05
-4.78594e-05
-4.76203e-05
-4.73824e-05
-4.71456e-05
-4.691e-05
-4.66756e-05
-4.64424e-05
-4.62103e-05
-4.59795e-05
-4.57497e-05
-4.55211e-05
-4.52937e-05
-4.50674e-05
-4.48422e-05
-4.46181e-05
-4.43952e-05
-4.41734e-05
-4.39526e-05
-4.3733e-05
-4.35145e-05
-4.32971e-05
-4.30808e-05
-4.28655e-05
-4.26514e-05
-4.24383e-05
-4.22262e-05
-4.20153e-05
-4.18053e-05
-4.15965e-05
-4.13886e-05
-4.11818e-05
-4.09761e-05
-4.07714e-05
-4.05677e-05
-4.0365e-05
-4.01633e-05
-3.99627e-05
-3.9763e-05
-3.95643e-05
-3.93667e-05
-3.917e-05
-3.89743e-05
-3.87796e-05
-3.85859e-05
-3.83931e-05
-3.82013e-05
-3.80104e-05
-3.78205e-05
-3.76316e-05
-3.74436e-05
-3.72565e-05
-3.70704e-05
-3.68852e-05
-3.67009e-05
-3.65176e-05
-3.63351e-05
-3.61536e-05
-3.5973e-05
-3.57933e-05
-3.56145e-05
-3.54366e-05
-3.52596e-05
-3.50834e-05
-3.49082e-05
-3.47338e-05
-3.45603e-05
-3.43876e-05
-3.42158e-05
-3.40449e-05
-3.38748e-05
-3.37056e-05
-3.35373e-05
-3.33697e-05
-3.3203e-05
-3.30372e-05
-3.28722e-05
-3.27079e-05
-3.25446e-05
-3.2382e-05
-3.22202e-05
-3.20593e-05
-3.18992e-05
-3.17398e-05
-3.15813e-05
-3.14235e-05
-3.12666e-05
-3.11104e-05
-3.0955e-05
-3.08004e-05
-3.06465e-05
-3.04935e-05
-3.03412e-05
-3.01896e-05
-3.00388e-05
-2.98888e-05
-2.97395e-05
-2.9591e-05
-2.94432e-05
-2.92961e-05
-2.91498e-05
-2.90042e-05
-2.88593e-05
-2.87152e-05
-2.85718e-05
-2.84291e-05
-2.82871e-05
-2.81458e-05
-2.80052e-05
-2.78654e-05
-2.77262e-05
-2.75877e-05
-2.74499e-05
-2.73129e-05
-2.71764e-05
-2.70407e-05
-2.69057e-05
-2.67713e-05
-2.66376e-05
-2.65046e-05
-2.63722e-05
-2.62405e-05
-2.61095e-05
-2.59791e-05
-2.58493e-05
-2.57203e-05
-2.55918e-05
-2.5464e-05
-2.53369e-05
-2.52103e-05
-2.50844e-05
-2.49592e-05
-2.48345e-05
-2.47105e-05
-2.46443e-05
-2.452e-05
-2.43941e-05
-2.4268e-05
-2.41424e-05
-2.40179e-05
-2.38942e-05
-2.37712e-05
-2.36494e-05
-2.35284e-05
-2.34082e-05
-2.3289e-05
-2.31705e-05
-2.30528e-05
-2.29359e-05
-2.28198e-05
-2.27044e-05
-2.25896e-05
-2.24756e-05
-2.23622e-05
-2.22496e-05
-2.21375e-05
-2.20261e-05
-2.19153e-05
-2.1805e-05
-2.16956e-05
-2.15872e-05
-2.14795e-05
-2.13722e-05
-2.12655e-05
-2.11594e-05
-2.10537e-05
-2.09486e-05
-2.08441e-05
-2.074e-05
-2.06365e-05
-2.05334e-05
-2.04309e-05
-2.0329e-05
-2.02275e-05
-2.01265e-05
-2.0026e-05
-1.99261e-05
-1.98266e-05
-1.97276e-05
-1.96291e-05
-1.95311e-05
-1.94336e-05
-1.93366e-05
-1.92401e-05
-1.91441e-05
-1.90485e-05
-1.89534e-05
-1.88588e-05
-1.87647e-05
-1.8671e-05
-1.85778e-05
-1.84851e-05
-1.83928e-05
-1.8301e-05
-1.82097e-05
-1.81188e-05
-1.80283e-05
-1.79384e-05
-1.78488e-05
-1.77597e-05
-1.76711e-05
-1.75829e-05
-1.74952e-05
-1.74078e-05
-1.7321e-05
-1.72345e-05
-1.71485e-05
-1.70629e-05
-1.69777e-05
-1.6893e-05
-1.68087e-05
-1.67248e-05
-1.66414e-05
-1.65583e-05
-1.64757e-05
-1.63935e-05
-1.63116e-05
-1.62302e-05
-1.61493e-05
-1.60687e-05
-1.59885e-05
-1.59087e-05
-1.58293e-05
-1.57503e-05
-1.56717e-05
-1.55935e-05
-1.55157e-05
-1.54383e-05
-1.53613e-05
-1.52846e-05
-1.52083e-05
-1.51325e-05
-1.5057e-05
-1.49818e-05
-1.49071e-05
-1.48327e-05
-1.47587e-05
-1.46851e-05
-1.46118e-05
-1.45389e-05
-1.44664e-05
-1.43942e-05
-1.43224e-05
-1.42509e-05
-1.41798e-05
-1.41091e-05
-1.40387e-05
-1.39687e-05
-1.3899e-05
-1.38296e-05
-1.37606e-05
-1.3692e-05
-1.36237e-05
-1.35557e-05
-1.34881e-05
-1.34208e-05
-1.33539e-05
-1.32873e-05
-1.3221e-05
-1.31551e-05
-1.30894e-05
-1.30241e-05
-1.29592e-05
-1.28945e-05
-1.28302e-05
-1.27662e-05
-1.27026e-05
-1.26392e-05
-1.25762e-05
-1.25135e-05
-1.2451e-05
-1.23889e-05
-1.23272e-05
-1.22657e-05
-1.22045e-05
-1.21436e-05
-1.20831e-05
-1.20228e-05
-1.19629e-05
-1.19032e-05
-1.18439e-05
-1.17848e-05
-1.1726e-05
-1.16676e-05
-1.16094e-05
-1.15515e-05
-1.14939e-05
-1.14366e-05
-1.13796e-05
-1.13228e-05
-1.12664e-05
-1.12102e-05
-1.11543e-05
-1.10987e-05
-1.10433e-05
-1.09883e-05
-1.09335e-05
-1.0879e-05
-1.08248e-05
-1.07708e-05
-1.07171e-05
-1.06637e-05
-1.06105e-05
-1.05576e-05
-1.0505e-05
-1.04526e-05
-1.04005e-05
-1.03487e-05
-1.02971e-05
-1.02458e-05
-1.01947e-05
-1.01439e-05
-1.00933e-05
-1.0043e-05
-9.99295e-06
-9.94314e-06
-9.89358e-06
-9.84427e-06
-9.79521e-06
-9.74639e-06
-9.69782e-06
-9.64949e-06
-9.6014e-06
-9.55355e-06
-9.50594e-06
-9.45857e-06
-9.41144e-06
-9.36454e-06
-9.31787e-06
-9.27144e-06
-9.22524e-06
-9.17927e-06
-9.13354e-06
-9.08803e-06
-9.04275e-06
-8.99769e-06
-8.95286e-06
-8.90825e-06
-8.86387e-06
-8.81971e-06
-8.77577e-06
-8.73205e-06
-8.68855e-06
-8.64526e-06
-8.6022e-06
-8.55934e-06
-8.5167e-06
-8.47428e-06
-8.43207e-06
-8.39006e-06
-8.34827e-06
-8.30669e-06
-8.26531e-06
-8.22415e-06
-8.18318e-06
-8.14243e-06
-8.10187e-06
-8.06152e-06
-8.02137e-06
-7.98142e-06
-7.94168e-06
-7.90213e-06
-7.86277e-06
-7.82362e-06
-7.78466e-06
-7.74589e-06
-7.70732e-06
-7.66894e-06
-7.63076e-06
-7.59276e-06
-7.55496e-06
-7.51734e-06
-7.47991e-06
-7.44267e-06
-7.40562e-06
-7.36875e-06
-7.33206e-06
-7.29556e-06
-7.25924e-06
-7.2231e-06
-7.18715e-06
-7.15137e-06
-7.11577e-06
-7.08035e-06
-7.04511e-06
-7.01004e-06
-6.97515e-06
-6.94043e-06
-6.90589e-06
-6.87152e-06
-6.83732e-06
-6.80329e-06
-6.76943e-06
-6.73574e-06
-6.70222e-06
-6.66887e-06
-6.63568e-06
-6.60266e-06
-6.56981e-06
-6.53712e-06
-6.50459e-06
-6.47223e-06
-6.44003e-06
-6.40798e-06
-6.3761e-06
-6.34438e-06
-6.31282e-06
-6.28141e-06
-6.25016e-06
-6.21907e-06
-6.18813e-06
-6.15735e-06
-6.12672e-06
-6.09625e-06
-6.06593e-06
-6.03576e-06
-6.00574e-06
-5.97587e-06
-5.94614e-06
-5.91657e-06
-5.88715e-06
-5.85787e-06
-5.82874e-06
-5.79976e-06
-5.77092e-06
-5.74222e-06
-5.71367e-06
-5.68526e-06
-5.65699e-06
-5.62886e-06
-5.60088e-06
-5.57303e-06
-5.54533e-06
-5.51776e-06
-5.49033e-06
-5.46303e-06
-5.43588e-06
-5.40886e-06
-5.38197e-06
-5.35522e-06
-5.3286e-06
-5.30212e-06
-5.27577e-06
-5.24955e-06
-5.22346e-06
-5.1975e-06
-5.17167e-06
-5.14597e-06
-5.1204e-06
-5.09496e-06
-5.06964e-06
-5.04445e-06
-5.01939e-06
-4.99445e-06
-4.96964e-06
-4.94495e-06
-4.92038e-06
-4.89594e-06
-4.87162e-06
-4.84742e-06
-4.82334e-06
-4.79938e-06
-4.77554e-06
-4.75182e-06
-4.72822e-06
-4.70474e-06
