11785.3
0.652284
0.6486
0.649765
0.641716
0.647787
0.642321
0.638367
0.638313
0.650732
3.9623
62.2924
57.8873
53.9205
50.7134
47.7963
45.133
57.5366
62.3957
57.6388
54.069
50.8223
47.822
45.3492
43.1179
40.9582
38.9082
37.351
35.7589
34.4355
32.9597
31.6499
30.3544
29.3073
28.1437
27.0505
26.3105
25.3513
24.397
23.6537
22.7379
22.0865
21.3512
20.6388
20.0743
19.4175
18.7904
18.2487
17.6512
17.2654
16.6404
16.1426
15.6705
15.1815
14.7924
14.4677
13.8844
13.5605
13.2105
12.7813
12.4611
12.1367
11.8019
11.4259
11.1968
10.8545
10.5643
10.2679
9.96519
9.78538
9.54215
9.25069
9.05589
8.78663
8.54329
8.37907
8.16785
7.97282
7.75242
7.53201
7.40207
7.21125
7.0164
6.87242
6.72546
6.54113
6.40278
6.22853
6.10098
5.9389
5.81146
5.708
5.54664
5.41008
5.31425
5.18913
5.06231
4.9108
4.86351
4.71445
4.61982
4.5309
4.42049
4.31815
4.26825
4.13241
4.05212
3.99363
3.86828
3.8062
3.71762
3.64269
3.54915
3.50574
3.4289
3.37357
3.27353
3.22431
3.16829
3.06969
3.03554
2.98611
2.91781
2.84965
2.7759
2.76742
2.6692
2.64689
2.5762
2.56965
2.49684
2.43436
2.3981
2.35676
2.31897
2.28026
2.24172
2.17845
2.15738
2.10306
2.07024
2.06262
1.99935
1.98054
1.93554
1.90724
1.86042
1.8452
1.82086
1.77604
1.74748
1.73768
1.68788
1.67929
1.65134
1.62369
1.59185
1.55213
1.56646
1.53391
1.50667
1.47265
1.45772
1.44981
1.42498
1.38945
1.36385
1.3534
1.34173
1.30764
1.30826
1.29166
1.27831
1.26579
1.21874
1.23492
1.19953
1.1977
1.16841
1.17339
1.15206
1.13356
1.12364
1.11199
1.09596
1.08144
1.07884
1.05146
1.03333
1.03128
1.04557
1.01201
1.01876
0.987047
0.975125
0.990286
0.961155
0.938659
0.945701
0.938842
0.924034
0.924348
0.929604
0.899105
0.900682
0.881163
0.890174
0.881573
0.887162
0.861509
0.861685
0.844467
0.855255
0.839214
0.834768
0.820305
0.817765
0.821204
0.809074
0.819175
0.782683
0.793715
0.786613
0.767263
0.787126
0.770131
0.768466
0.767704
0.746213
0.774489
0.748942
0.746297
0.749163
0.723959
0.74685
0.72526
0.729005
0.726253
0.726459
0.72883
0.699864
0.731615
0.703183
0.713301
0.718721
0.696556
0.706429
0.673326
0.716512
0.692805
0.676698
0.711774
0.682014
0.653803
0.675781
0.674478
0.680195
0.650658
0.676189
0.64985
0.654172
0.660488
0.658219
0.667357
0.659441
0.660632
0.659274
0.629503
0.662609
0.627561
0.668654
0.631794
0.65236
0.637813
0.628239
0.640132
0.630708
0.632676
0.632731
0.635073
0.634996
0.633643
0.636193
0.63461
0.636039
0.63787
0.651078
0.642019
0.629246
0.63581
0.639965
0.629538
0.630434
0.63709
0.63595
0.637425
0.63411
0.640878
0.628405
0.630291
0.63379
0.644639
0.632981
0.635019
0.635856
0.63505
0.626076
0.628167
0.642568
0.641155
0.637644
0.632229
0.63098
0.636834
0.631016
0.622892
0.642256
0.635248
0.639602
0.631157
0.64422
0.639974
0.636542
0.627771
0.639864
0.63272
0.637825
0.632145
0.636932
0.632429
0.637159
0.638824
0.640634
0.64227
0.636843
0.633796
0.63952
0.6383
0.640211
0.636409
0.639504
0.642292
0.638397
0.630295
0.624921
0.625649
0.634085
0.630667
0.634477
0.629208
0.631411
0.635813
0.63431
0.634842
0.633511
0.632522
0.635045
0.639593
0.630884
0.637161
0.63519
0.643369
0.636157
0.634017
0.641504
0.628713
0.630348
0.631566
0.636673
0.637386
0.63624
0.632147
0.641617
0.627152
0.63518
0.63093
0.635051
0.633028
0.635623
0.627573
0.634474
0.637174
0.633929
0.632516
0.635221
0.629367
0.644036
0.631803
0.646875
0.635817
0.640964
0.630862
0.641775
0.631631
0.640929
0.647404
0.635329
0.637214
0.634149
0.646354
0.625111
0.634502
0.633006
0.633312
0.634788
0.630523
0.637759
0.632052
0.635918
0.633485
0.628428
0.637772
0.632905
0.636664
0.638916
0.631293
0.628815
0.642226
0.64961
0.650447
0.640513
0.630056
0.633819
0.640164
0.632673
0.629241
0.634659
0.629736
0.645938
0.639028
0.640614
0.631076
0.637622
0.640525
0.630443
0.637635
0.641058
0.631172
0.638007
0.639678
0.629016
0.642565
0.626793
0.628818
0.637395
0.634601
0.634541
0.63003
0.637174
0.626579
0.63996
0.632698
0.63891
0.630371
0.63141
0.63975
0.634115
0.637689
0.645812
0.640292
0.634327
0.638205
0.634136
0.639203
0.626753
0.634213
0.631328
0.641031
0.637834
0.635791
0.632314
0.632829
0.634353
0.638974
0.626065
0.630459
0.6405
0.628134
0.628303
0.628426
0.63243
0.635387
0.638472
0.64323
0.633599
0.634599
0.641137
0.63782
0.638228
0.637859
0.647433
0.642611
0.635557
0.631982
0.631894
0.631068
0.65161
0.656601
0.637256
0.634047
0.630836
0.630352
0.653667
0.643894
0.630287
0.626009
0.639333
0.636899
0.632652
0.634903
0.642596
0.635471
0.640259
0.635029
0.635972
0.631663
0.629067
0.635166
0.63585
0.629925
0.624037
0.632044
0.64076
0.641969
0.635229
0.63778
0.635193
0.634095
0.639066
0.640431
0.627611
0.635941
0.631977
0.627322
0.635621
0.63138
0.627906
0.635335
0.631735
0.627162
0.635401
0.630754
0.6272
0.635683
0.63074
0.62737
0.635404
0.630715
0.627676
0.637003
0.631688
0.627632
0.635712
0.631554
0.62703
0.635918
0.630884
0.627342
0.635858
0.630648
0.627639
0.635523
0.630927
0.627957
0.635322
0.631075
0.627171
0.635018
0.631121
0.627038
0.635112
0.631002
0.627171
0.635397
0.630959
0.627148
0.635432
0.630897
0.627693
0.635767
0.630518
0.627291
0.635018
0.631322
0.627424
0.635438
0.632429
0.627183
0.635908
0.632782
0.627615
0.635134
0.630275
0.627901
0.63554
0.632944
0.626897
0.63542
0.631222
0.627083
0.635149
0.631165
0.627328
0.635281
0.630696
0.627438
0.629624
0.625355
0.623526
0.630154
0.625346
0.622353
0.629254
0.625397
0.621699
0.62897
0.624853
0.621358
0.630013
0.625088
0.621513
0.62916
0.624908
0.621835
0.629169
0.625238
0.620808
0.629612
0.625716
0.620685
0.629665
0.624778
0.621299
0.629491
0.626314
0.622075
0.629327
0.624713
0.622001
0.629829
0.624981
0.620838
0.63078
0.625925
0.621031
0.629062
0.62526
0.621724
0.629689
0.624866
0.627705
0.630423
0.626466
0.621921
0.629766
0.62481
0.620838
0.628694
0.625322
0.622837
0.629553
0.625115
0.621207
0.629395
0.625037
0.622385
0.631136
0.626463
0.621386
0.629935
0.624872
0.621145
0.629429
0.620001
0.615668
0.624613
0.636983
0.61672
0.624169
0.6194
0.616063
0.623709
0.619565
0.61693
0.624086
0.620165
0.61584
0.623694
0.619737
0.615677
0.623894
0.619665
0.615951
0.624109
0.619893
0.616168
0.624061
0.61982
0.616122
0.624307
0.619558
0.616167
0.624512
0.619928
0.615487
0.623955
0.619534
0.615957
0.624642
0.619976
0.615877
0.624039
0.61898
0.616308
0.623628
0.619165
0.616085
0.624277
0.619862
0.615342
0.623694
0.619352
0.615688
0.623934
0.621058
0.616336
0.623908
0.619271
0.617813
0.624257
0.620696
0.616608
0.624844
0.61972
0.616175
0.623751
0.619413
0.615697
0.624158
0.62025
0.617654
0.62412
0.619206
0.6189
0.624348
0.619693
0.615834
0.623722
0.620015
0.615542
0.623703
0.619459
0.61637
0.624225
0.619148
0.615899
0.623891
0.619021
0.61609
0.624131
0.619719
0.61531
0.624586
0.621017
0.616677
0.6236
0.61997
0.615898
0.623987
0.619373
0.61592
0.623959
0.620861
0.616089
0.623625
0.619647
0.615829
0.623625
0.620205
0.616374
0.624419
0.619138
0.616142
0.624325
0.619433
0.615803
0.623316
0.619327
0.617264
0.623898
0.619272
0.615722
0.623885
0.620002
0.615773
0.623663
0.619743
0.615727
0.62405
0.619578
0.616589
0.624316
0.619025
0.616255
0.624672
0.620227
0.615815
0.623666
0.619339
0.615993
0.623766
0.61915
0.61588
0.624719
0.619616
0.615858
0.624051
0.619169
0.616184
0.624499
0.61925
0.618226
0.624264
0.619805
0.615685
0.623557
0.619181
0.61751
0.623891
0.620856
0.6163
0.624192
0.619449
0.616586
0.624086
0.619573
0.615751
0.625288
0.619798
0.615394
0.624378
0.619804
0.616232
0.624143
0.619141
0.616932
0.628119
0.619379
0.61613
0.624319
0.61959
0.61607
0.623934
0.620384
0.615597
0.624023
0.619221
0.615544
0.624068
0.619503
0.616412
0.624185
0.618896
0.61662
0.624338
0.619721
0.61597
0.624016
0.619818
0.616594
0.624279
0.619365
0.616146
0.624077
0.61947
0.615822
0.625416
0.6195
0.616471
0.625689
0.619283
0.615187
0.623745
0.619807
0.616407
0.623883
0.619234
0.615853
0.623955
0.618983
0.615716
0.624567
0.61923
0.616459
0.623755
0.619677
0.615438
0.623961
0.620861
0.616589
0.624511
0.619643
0.615819
0.624512
0.619377
0.615841
0.623806
0.619485
0.616341
0.623769
0.619372
0.615751
0.623967
0.619685
0.615709
0.623459
0.619431
0.615972
0.625691
0.619098
0.615919
0.623731
0.618979
0.616328
0.626671
0.621968
0.617028
0.623959
0.619428
0.615447
0.623814
0.619331
0.615874
0.624074
0.620961
0.616198
0.623625
0.619381
0.616702
0.623857
0.619536
0.616088
0.624926
0.619878
0.615442
0.62391
0.619365
0.616046
0.624437
0.619254
0.619385
0.625265
0.619366
0.616135
0.624274
0.619103
0.616425
0.624805
0.620533
0.615863
0.624038
0.619235
0.615579
0.623961
0.62031
0.616055
0.625183
0.619687
0.616613
0.624014
0.619923
0.61593
0.623688
0.620402
0.616259
0.62363
0.621082
0.616006
0.62379
0.619225
0.616029
0.623941
0.620191
0.616751
0.623996
0.619146
0.615693
0.623711
0.619604
0.615282
0.624205
0.619118
0.616023
0.624573
0.619376
0.615846
0.625029
0.619109
0.616629
0.624177
0.619307
0.615994
0.623842
0.619724
0.615949
0.624313
0.619524
0.615696
0.624913
0.619401
0.616326
0.623985
0.619096
0.616486
0.624023
0.619796
0.615687
0.623566
0.619632
0.615874
0.623964
0.620537
0.615776
0.624
0.619595
0.617081
0.624301
0.619058
0.615613
0.624466
0.619822
0.616802
0.624083
0.61979
0.616129
0.624697
0.619217
0.616085
0.624193
0.620222
0.61641
0.62393
0.619332
0.61919
0.624317
0.620083
0.615486
0.623925
0.619762
0.615348
0.624844
0.618993
0.615942
0.624509
0.62433
0.616907
0.624242
0.619531
0.616456
0.623935
0.620844
0.615412
0.623862
0.621206
0.615702
0.624271
0.619166
0.616468
0.624353
0.619901
0.617405
0.624289
0.618951
0.617165
0.624537
0.619963
0.616295
0.62399
0.619807
0.616589
0.624604
0.61925
0.615877
0.624079
0.619727
0.617249
0.623869
0.619844
0.615903
0.624569
0.619762
0.615308
0.624489
0.620021
0.615861
0.624881
0.619953
0.616614
0.625129
0.619779
0.617003
0.624596
0.620491
0.616575
0.624841
0.620289
0.616207
0.624535
0.620319
0.616576
0.625087
0.619752
0.616532
0.625835
0.619582
0.617587
0.624499
0.619766
0.618847
0.624141
0.620214
0.615144
0.623745
0.619659
0.615508
0.624431
0.619965
0.615854
0.624737
0.619488
0.616396
0.625455
0.619756
0.616159
0.624239
0.620449
0.616833
0.624513
0.632923
0.615805
0.624486
0.61898
0.615405
0.623779
0.620177
0.61633
0.624457
0.613942
0.610517
0.618753
0.614256
0.611705
0.61878
0.614001
0.610808
0.61859
0.613772
0.610871
0.619132
0.614219
0.611392
0.61873
0.613437
0.610861
0.618424
0.615364
0.611246
0.618984
0.616047
0.610276
0.619289
0.613764
0.610769
0.619246
0.614375
0.611857
0.619064
0.614253
0.610648
0.618453
0.61467
0.610562
0.618714
0.61458
0.610744
0.619501
0.614189
0.610602
0.618665
0.614187
0.611468
0.619306
0.614055
0.61337
0.618791
0.614678
0.609852
0.618902
0.61462
0.605121
0.613737
0.608799
0.606029
0.613916
0.608055
0.605329
0.613628
0.608465
0.605652
0.613891
0.6109
0.605196
0.613068
0.609594
0.604969
0.616228
0.610344
0.605653
0.613774
0.60894
0.605358
0.613399
0.608646
0.605539
0.61328
0.608945
0.605208
0.613523
0.609315
0.605318
0.613778
0.608496
0.605539
0.613506
0.612532
0.606068
0.613431
0.60841
0.605167
0.613628
0.609104
0.604728
0.614022
0.609276
0.605044
0.613583
0.608735
0.604987
0.61347
0.609203
0.606427
0.613057
0.60914
0.605299
0.613148
0.608856
0.605131
0.61328
0.609286
0.60528
0.613658
0.608776
0.604744
0.613338
0.608708
0.605904
0.613394
0.609474
0.606178
0.613716
0.609128
0.604699
0.615493
0.609006
0.604287
0.614229
0.608784
0.60502
0.61376
0.608671
0.605357
0.613422
0.609035
0.605599
0.614198
0.609388
0.604892
0.613395
0.608972
0.607343
0.613791
0.608981
0.605548
0.613772
0.60868
0.605227
0.613199
0.608198
0.605168
0.613918
0.609136
0.604753
0.613506
0.60896
0.604742
0.614083
0.608776
0.605195
0.615603
0.609959
0.60545
0.613275
0.608375
0.605418
0.615877
0.609671
0.605614
0.614346
0.609141
0.605074
0.613479
0.608976
0.605235
0.613988
0.610844
0.605681
0.613555
0.608424
0.605876
0.613257
0.608931
0.604892
0.612884
0.609106
0.605533
0.614001
0.608564
0.60511
0.613175
0.608687
0.605851
0.614969
0.60863
0.605287
0.613261
0.609838
0.605292
0.613465
0.609306
0.605553
0.613593
0.609329
0.605215
0.613825
0.609514
0.60542
0.61322
0.608808
0.605346
0.613301
0.609179
0.604895
0.613458
0.609265
0.606281
0.61423
0.608797
0.605718
0.615972
0.609074
0.605424
0.613431
0.608517
0.605493
0.613769
0.609118
0.604933
0.613796
0.609044
0.605087
0.613492
0.608824
0.606378
0.613968
0.608677
0.605681
0.613604
0.608986
0.605681
0.613055
0.61116
0.60516
0.613841
0.608984
0.60481
0.614075
0.608638
0.605394
0.614849
0.608964
0.605529
0.613629
0.608449
0.606181
0.61354
0.609436
0.604579
0.61408
0.609377
0.604822
0.613813
0.608503
0.605423
0.613703
0.608563
0.606576
0.613694
0.608366
0.605448
0.614894
0.609335
0.60488
0.613423
0.609484
0.605478
0.613882
0.608463
0.605236
0.613485
0.608638
0.606251
0.613984
0.610406
0.606673
0.613493
0.609259
0.604908
0.613687
0.609025
0.60548
0.613598
0.608476
0.60512
0.613308
0.608808
0.605809
0.613199
0.609995
0.607157
0.61311
0.608999
0.605229
0.613366
0.608999
0.604896
0.61396
0.60968
0.60465
0.613365
0.609487
0.604964
0.613751
0.611291
0.605373
0.614227
0.609519
0.605308
0.613869
0.609559
0.604949
0.614293
0.609134
0.605631
0.613606
0.608425
0.606056
0.613289
0.608365
0.605124
0.614672
0.609119
0.60472
0.613496
0.608962
0.6047
0.613755
0.608266
0.605236
0.613759
0.609984
0.605756
0.61325
0.608914
0.605992
0.613577
0.609194
0.605776
0.614038
0.60929
0.605207
0.613973
0.608618
0.605017
0.614099
0.60841
0.606659
0.614049
0.609362
0.605495
0.613411
0.608847
0.605234
0.614199
0.609275
0.605156
0.613899
0.608424
0.604932
0.613607
0.609064
0.60582
0.613192
0.609367
0.605458
0.613095
0.609345
0.606887
0.613419
0.608727
0.605302
0.614198
0.609261
0.605631
0.613885
0.609152
0.606139
0.613964
0.608749
0.606024
0.614332
0.609567
0.605125
0.613737
0.609453
0.605666
0.615546
0.610667
0.605351
0.614566
0.609741
0.606323
0.614351
0.608801
0.606178
0.614097
0.609956
0.605305
0.61415
0.609823
0.605802
0.61462
0.609107
0.606412
0.615244
0.609185
0.606933
0.614379
0.608739
0.605682
0.614282
0.609781
0.6051
0.614008
0.609582
0.606083
0.613897
0.608814
0.605255
0.614257
0.609549
0.606108
0.61419
0.608919
0.60579
0.613828
0.609854
0.605729
0.613897
0.609872
0.605737
0.614179
0.609364
0.605117
0.615207
0.609084
0.606408
0.61432
0.608793
0.605734
0.613717
0.608977
0.604494
0.613448
0.609085
0.606648
0.61663
0.608908
0.605041
0.613741
0.608631
0.606207
0.613616
0.609844
0.605232
0.613883
0.609319
0.605056
0.61353
0.608983
0.604944
0.614873
0.609415
0.605047
0.613337
0.608779
0.606894
0.613412
0.608392
0.605949
0.614307
0.611077
0.604346
0.613444
0.608789
0.604884
0.613706
0.60884
0.606624
0.613886
0.608757
0.605349
0.613616
0.608373
0.605615
0.613606
0.609608
0.604772
0.613596
0.609103
0.60506
0.613362
0.608108
0.604876
0.613726
0.609466
0.605858
0.613649
0.608922
0.605913
0.615471
0.6097
0.604916
0.613347
0.609544
0.605875
0.613839
0.609627
0.605602
0.613767
0.609644
0.607447
0.613795
0.60825
0.605353
0.613237
0.609256
0.604557
0.613433
0.610018
0.604732
0.613241
0.608228
0.605106
0.613278
0.610401
0.605983
0.614304
0.608291
0.605885
0.613279
0.609087
0.604587
0.613096
0.609082
0.600309
0.608095
0.602855
0.599691
0.607545
0.603494
0.599821
0.607907
0.603544
0.599984
0.60955
0.603727
0.599936
0.607836
0.605543
0.59974
0.608082
0.603316
0.600235
0.607998
0.603428
0.600008
0.607718
0.602815
0.599615
0.607895
0.604007
0.599268
0.60792
0.603367
0.59931
0.607787
0.597596
0.594047
0.603003
0.597838
0.594377
0.602455
0.597401
0.59536
0.60265
0.598973
0.594183
0.602866
0.598428
0.594649
0.602665
0.597882
0.594736
0.603111
0.600138
0.595219
0.602489
0.597944
0.595234
0.603121
0.598554
0.595023
0.60267
0.599372
0.594586
0.603549
0.598332
0.594462
0.603625
0.598092
0.594762
0.603027
0.597879
0.595187
0.604426
0.598527
0.594617
0.602794
0.598409
0.594543
0.603129
0.598342
0.594566
0.603267
0.59834
0.595426
0.602698
0.597898
0.594951
0.602962
0.599136
0.594688
0.60323
0.598576
0.594606
0.602952
0.5984
0.594871
0.603081
0.598206
0.595138
0.603298
0.597896
0.595202
0.602565
0.598926
0.59435
0.602309
0.599146
0.594269
0.603383
0.597997
0.595201
0.603731
0.600133
0.594888
0.602992
0.597999
0.596258
0.603234
0.599274
0.594634
0.602824
0.598771
0.594717
0.602882
0.598493
0.594284
0.603234
0.598364
0.595326
0.603171
0.597904
0.594872
0.603399
0.598911
0.594554
0.602767
0.59849
0.59478
0.605601
0.598122
0.595536
0.603207
0.598289
0.595215
0.603857
0.59805
0.594795
0.602869
0.598645
0.594448
0.602917
0.598695
0.595677
0.604484
0.598041
0.594739
0.602908
0.598868
0.595268
0.602875
0.598179
0.595956
0.602901
0.598803
0.594405
0.603304
0.599549
0.594667
0.603146
0.598229
0.594625
0.603761
0.598738
0.595488
0.603146
0.597835
0.59528
0.602744
0.598959
0.594243
0.602906
0.598885
0.59484
0.602832
0.597925
0.594868
0.603391
0.598046
0.594921
0.602468
0.597751
0.59465
0.602824
0.599075
0.594429
0.603111
0.598632
0.594639
0.603041
0.598115
0.594555
0.603241
0.597846
0.595233
0.602443
0.598002
0.594718
0.603032
0.598729
0.594233
0.602935
0.60027
0.594587
0.603586
0.598311
0.594573
0.603135
0.599029
0.595422
0.602985
0.598612
0.594871
0.603111
0.598115
0.594238
0.602881
0.598687
0.594735
0.603057
0.5978
0.595073
0.602956
0.598291
0.596917
0.60316
0.597946
0.594979
0.602965
0.598438
0.594248
0.602724
0.598689
0.594315
0.603029
0.59789
0.594817
0.60427
0.598611
0.595507
0.602792
0.598203
0.594783
0.6027
0.599979
0.594628
0.602467
0.599068
0.594537
0.602959
0.598101
0.594577
0.603112
0.598276
0.595184
0.602947
0.598066
0.594711
0.604275
0.598453
0.59433
0.603065
0.598297
0.594584
0.604187
0.5982
0.59433
0.602896
0.597778
0.594857
0.603374
0.598166
0.594415
0.602638
0.59843
0.594442
0.602351
0.598724
0.594852
0.603478
0.598187
0.594428
0.603011
0.598199
0.595573
0.603399
0.598058
0.594545
0.602936
0.598922
0.594283
0.602764
0.598814
0.594544
0.602965
0.598315
0.594985
0.603064
0.598163
0.595178
0.602914
0.597992
0.595305
0.603496
0.600105
0.595994
0.603203
0.598455
0.59514
0.602595
0.598052
0.59516
0.603263
0.598541
0.595211
0.603099
0.597934
0.594974
0.602679
0.598486
0.595233
0.602952
0.599089
0.594494
0.6035
0.599204
0.594256
0.603313
0.599202
0.597506
0.603016
0.597936
0.594987
0.60307
0.598842
0.59429
0.603148
0.598974
0.594594
0.603274
0.598367
0.594689
0.603109
0.598099
0.595307
0.602885
0.598026
0.595286
0.603432
0.598767
0.594564
0.60276
0.598516
0.594548
0.603249
0.59812
0.594777
