0.51484
0.502304
0.499172
0.497353
0.492169
0.498595
0.49337
0.489025
0.489335
0.501724
0.49253
0.494129
0.496169
0.500179
0.504615
0.494965
0.502411
0.49812
0.507318
0.496482
0.495065
0.504169
0.515069
0.502116
0.485008
0.490942
0.492334
0.494372
0.492794
0.489926
0.489868
0.488311
0.497883
0.488094
0.497636
0.503981
0.489277
0.500775
0.492885
0.493188
0.496652
0.483879
0.487119
0.486738
0.482429
0.504813
0.505502
0.494121
0.487896
0.491537
0.49663
0.491792
0.491919
0.490942
0.488076
0.489153
0.490398
0.495633
0.486226
0.486645
0.492138
0.487684
0.496607
0.480718
0.494489
0.488621
0.489764
0.48384
0.495659
0.490654
0.490661
0.484861
0.495975
0.492315
0.494545
0.48208
0.486542
0.500596
0.483024
0.494833
0.493888
0.487403
0.483919
0.494024
0.487029
0.493332
0.495208
0.493985
0.49042
0.485495
0.494273
0.485678
0.495602
0.490851
0.496195
0.502189
0.494346
0.489554
0.494409
0.488108
0.490148
0.483774
0.484434
0.486159
0.491063
0.488573
0.492054
0.486924
0.491126
0.493438
0.487642
0.481335
0.487326
0.488608
0.492872
0.494745
0.483571
0.483448
0.489648
0.482576
0.492282
0.485962
0.483721
0.481734
0.481668
0.488083
0.483393
0.487235
0.481139
0.496159
0.486124
0.488839
0.479068
0.479674
0.484438
0.494774
0.477404
0.4864
0.482781
0.48001
0.486112
0.500028
0.483486
0.488671
0.484408
0.474956
0.482861
0.485856
0.476112
0.479011
0.477697
0.485815
0.483944
0.480907
0.489432
0.484996
0.478596
0.482716
0.497524
0.484433
0.480736
0.492206
0.479155
0.491882
0.487937
0.473762
0.477796
0.483979
0.477789
0.483586
0.482849
0.490177
0.476539
0.489377
0.489619
0.481873
0.487182
0.483262
0.4749
0.482639
0.485218
0.485183
0.478335
0.492643
0.477546
0.484609
0.482804
0.477384
0.47963
0.480306
0.49358
0.47958
0.484605
0.479458
0.487632
0.477652
0.473494
0.474132
0.479598
0.476442
0.481354
0.481514
0.484869
0.481128
0.480921
0.483363
0.492252
0.48139
0.486458
0.484506
0.486465
0.489235
0.480755
0.486587
0.481564
0.490305
0.485386
0.487937
0.477915
0.487709
0.475554
0.485341
0.48027
0.481458
0.47781
0.484171
0.482291
0.482771
0.483088
0.48886
0.486998
0.483397
0.485261
0.484235
0.483931
0.483945
0.488904
0.484794
0.483995
0.487582
0.480559
0.489323
0.483761
0.494266
0.49956
0.478771
0.487591
0.478182
0.496685
0.496449
0.480978
0.492358
0.486739
0.481294
0.4809
0.478587
0.482818
0.47693
0.481452
0.477247
0.479959
0.487306
0.485613
0.493214
0.486479
0.486819
0.485962
0.478699
0.488822
0.476951
0.494123
0.4811
0.479063
0.487396
0.478248
0.489742
0.480255
0.481754
0.482391
0.484301
0.484307
0.482382
0.484715
0.482975
0.485533
0.487046
0.496073
0.491164
0.477137
0.485306
0.48949
0.479051
0.480102
0.486324
0.485275
0.485558
0.483385
0.489958
0.477875
0.479462
0.482723
0.493559
0.48206
0.484645
0.485289
0.483619
0.475417
0.477952
0.490479
0.49073
0.487279
0.481238
0.480218
0.486644
0.480634
0.47246
0.49109
0.484691
0.488545
0.480973
0.49225
0.489101
0.486413
0.476926
0.487472
0.481961
0.4874
0.481664
0.486619
0.482063
0.486617
0.48815
0.488678
0.491547
0.486111
0.483016
0.489461
0.486265
0.489333
0.485723
0.488306
0.491992
0.485938
0.480191
0.474446
0.475121
0.483604
0.478796
0.482205
0.47826
0.479058
0.483811
0.481979
0.48449
0.48276
0.482201
0.484337
0.489103
0.480005
0.486675
0.483451
0.491789
0.48531
0.483837
0.490745
0.47802
0.479988
0.481367
0.486353
0.486805
0.485467
0.481702
0.490953
0.476477
0.48448
0.480535
0.483811
0.482477
0.485165
0.477504
0.483743
0.48651
0.483092
0.481885
0.484504
0.479128
0.492364
0.481607
0.494773
0.483823
0.490427
0.478816
0.489474
0.480232
0.490108
0.496966
0.485075
0.486638
0.482197
0.495529
0.474201
0.483902
0.482526
0.482737
0.484636
0.480199
0.486973
0.481594
0.485262
0.482543
0.477192
0.486452
0.482493
0.486585
0.486617
0.479733
0.477625
0.490442
0.499059
0.500018
0.490145
0.479261
0.483718
0.489674
0.481708
0.478761
0.484319
0.479228
0.494874
0.488827
0.490212
0.480077
0.485911
0.490228
0.479361
0.485773
0.490692
0.480002
0.486517
0.489465
0.47827
0.492252
0.476218
0.477992
0.486999
0.483975
0.483712
0.479272
0.486651
0.475854
0.489355
0.482216
0.488074
0.479784
0.479181
0.488854
0.481859
0.487012
0.495431
0.488681
0.483513
0.485943
0.4837
0.488356
0.475753
0.483729
0.480255
0.490461
0.486482
0.483292
0.481801
0.48091
0.482415
0.48701
0.475521
0.479908
0.489882
0.477447
0.477919
0.477966
0.48167
0.484987
0.487982
0.492259
0.48303
0.483755
0.490228
0.487161
0.487995
0.486825
0.49693
0.489831
0.484864
0.480987
0.481369
0.478741
0.501196
0.505537
0.487309
0.483386
0.48022
0.479529
0.501937
0.49313
0.479853
0.475172
0.488265
0.48642
0.481805
0.484593
0.492307
0.483318
0.489315
0.482146
0.483939
0.480308
0.478682
0.482989
0.485153
0.478896
0.47374
0.481056
0.489889
0.489576
0.483743
0.486911
0.484453
0.483407
0.488076
0.489506
0.477019
0.485232
0.480238
0.476846
0.484745
0.480302
0.477263
0.484648
0.480596
0.47591
0.48455
0.479873
0.476738
0.484918
0.479647
0.476788
0.484706
0.47982
0.477034
0.485636
0.480505
0.476906
0.484877
0.480478
0.476513
0.485174
0.479946
0.47677
0.485103
0.479606
0.477012
0.484755
0.480046
0.477306
0.484585
0.480078
0.476709
0.484401
0.480086
0.476513
0.484264
0.48006
0.476678
0.484712
0.479921
0.476455
0.484706
0.479788
0.477232
0.485093
0.479453
0.47667
0.484293
0.480003
0.476885
0.484583
0.481481
0.476764
0.485239
0.481726
0.47712
0.484436
0.479376
0.477429
0.484818
0.481976
0.476604
0.484725
0.48022
0.476297
0.484459
0.480176
0.476948
0.484719
0.479743
0.476843
0.478731
0.474466
0.472344
0.47931
0.474246
0.471808
0.478678
0.474522
0.471377
0.478374
0.474102
0.47095
0.479405
0.47418
0.471007
0.478527
0.474067
0.471405
0.478489
0.474378
0.47062
0.479134
0.474762
0.47045
0.479093
0.473978
0.471
0.478956
0.475076
0.47135
0.478701
0.473786
0.471678
0.479264
0.474046
0.47064
0.480094
0.475063
0.470691
0.478332
0.474493
0.471191
0.478945
0.474038
0.471274
0.479785
0.475492
0.471321
0.479033
0.473963
0.470578
0.478264
0.474551
0.472553
0.478615
0.474316
0.470874
0.478835
0.474227
0.472089
0.479912
0.475591
0.471086
0.479248
0.473887
0.470812
0.478844
0.469189
0.465379
0.47407
0.468794
0.466315
0.473589
0.468607
0.465751
0.473094
0.468783
0.46645
0.473439
0.468664
0.465125
0.473228
0.468793
0.465368
0.47327
0.468972
0.465655
0.473579
0.468926
0.465823
0.473505
0.468802
0.465811
0.473672
0.46874
0.465882
0.473833
0.469107
0.465169
0.47317
0.468755
0.465689
0.473874
0.469166
0.465457
0.473404
0.468054
0.466
0.472917
0.468163
0.465356
0.473775
0.468776
0.464991
0.473187
0.468605
0.465406
0.473366
0.470009
0.465735
0.473203
0.468379
0.467288
0.473525
0.469783
0.466049
0.474229
0.468853
0.465844
0.473159
0.468714
0.465284
0.473618
0.469382
0.467357
0.473349
0.468317
0.46824
0.473844
0.468794
0.46557
0.473173
0.469174
0.465299
0.472965
0.468691
0.466052
0.473609
0.468374
0.465468
0.47334
0.468242
0.465687
0.4735
0.468697
0.465095
0.474041
0.469655
0.466231
0.473061
0.469168
0.465369
0.473378
0.468577
0.465512
0.473452
0.470036
0.465652
0.473087
0.468763
0.465566
0.473063
0.469427
0.4663
0.473789
0.468418
0.465852
0.473748
0.468644
0.465143
0.472836
0.468381
0.466931
0.473329
0.468453
0.465364
0.473357
0.469096
0.465465
0.473019
0.468837
0.465372
0.473408
0.468573
0.466144
0.473642
0.468084
0.466028
0.474025
0.469214
0.465461
0.473194
0.468466
0.465642
0.473152
0.468418
0.46555
0.473957
0.468824
0.46557
0.473541
0.468321
0.465883
0.473765
0.46839
0.467217
0.473618
0.468973
0.465302
0.473057
0.468398
0.467235
0.473345
0.47011
0.465931
0.473626
0.468536
0.46621
0.473448
0.468652
0.465431
0.474654
0.468861
0.465149
0.473916
0.468459
0.465919
0.473706
0.468365
0.466471
0.477315
0.468492
0.465833
0.473729
0.468552
0.465719
0.473358
0.469438
0.465259
0.473483
0.468455
0.46535
0.473532
0.468708
0.465755
0.473564
0.468175
0.466213
0.473721
0.468812
0.465625
0.473342
0.468881
0.466297
0.473325
0.468597
0.465705
0.47355
0.468637
0.465419
0.474221
0.468687
0.465929
0.475199
0.468184
0.464931
0.473233
0.468923
0.466022
0.473233
0.468489
0.46548
0.473398
0.468216
0.465385
0.473784
0.46829
0.466045
0.473141
0.468902
0.465128
0.473238
0.470092
0.466258
0.473679
0.468957
0.465375
0.473927
0.468604
0.465515
0.473062
0.468645
0.465966
0.473077
0.468288
0.465449
0.473407
0.468838
0.465457
0.472814
0.468812
0.465602
0.474032
0.468269
0.465611
0.473195
0.468134
0.46587
0.476207
0.470933
0.466682
0.473468
0.468616
0.465215
0.473352
0.468433
0.465555
0.473547
0.470224
0.465736
0.473062
0.468497
0.4661
0.473303
0.468596
0.465744
0.474201
0.469024
0.465128
0.473292
0.468573
0.465518
0.473846
0.468432
0.469017
0.473794
0.468536
0.465752
0.473523
0.468336
0.466145
0.47407
0.469693
0.465532
0.473421
0.468511
0.465394
0.473374
0.469469
0.465715
0.474551
0.468715
0.466277
0.47331
0.469019
0.465658
0.473162
0.468876
0.465842
0.472922
0.470255
0.465756
0.473236
0.468361
0.465645
0.473356
0.469366
0.466298
0.473427
0.468267
0.465289
0.473137
0.468787
0.464984
0.473513
0.468532
0.465679
0.474
0.468531
0.465555
0.473935
0.468254
0.466307
0.473258
0.468495
0.465588
0.473145
0.468855
0.465501
0.473437
0.468841
0.465177
0.47421
0.468506
0.465844
0.473358
0.468325
0.466005
0.473222
0.468796
0.465207
0.473025
0.468775
0.465367
0.473372
0.469769
0.465555
0.473234
0.468604
0.466595
0.47379
0.468209
0.465386
0.473943
0.46891
0.466476
0.473524
0.468959
0.465765
0.473931
0.468264
0.465775
0.473633
0.469206
0.465927
0.473346
0.468514
0.468646
0.473794
0.469109
0.465202
0.473421
0.468982
0.465113
0.474243
0.468243
0.465567
0.473872
0.473236
0.466563
0.47364
0.46855
0.466101
0.473208
0.469813
0.465192
0.473281
0.470458
0.465353
0.47366
0.468456
0.46602
0.473837
0.468976
0.466985
0.473618
0.468126
0.466881
0.473393
0.468957
0.466069
0.473352
0.469005
0.466357
0.473926
0.468616
0.465532
0.473532
0.468776
0.466795
0.47316
0.468952
0.465523
0.4739
0.468799
0.464901
0.473895
0.468918
0.465454
0.474425
0.468881
0.466126
0.474464
0.468959
0.466471
0.473778
0.469529
0.466015
0.473751
0.469304
0.465851
0.473871
0.469364
0.466058
0.474448
0.468992
0.466151
0.475074
0.468621
0.467021
0.473645
0.468431
0.468511
0.473403
0.468933
0.464825
0.473206
0.468809
0.465195
0.47388
0.469128
0.465426
0.474212
0.46858
0.466004
0.474647
0.468964
0.465859
0.473465
0.469414
0.466401
0.473807
0.482033
0.46541
0.473846
0.468379
0.465282
0.473265
0.469432
0.466019
0.473672
0.463049
0.460183
0.468159
0.463347
0.460576
0.468202
0.463211
0.460442
0.468095
0.463067
0.460522
0.468511
0.463369
0.460955
0.468073
0.46272
0.460462
0.467826
0.464279
0.460869
0.468234
0.465218
0.459947
0.468606
0.462835
0.460334
0.468798
0.463499
0.461334
0.468388
0.463069
0.460279
0.467911
0.463592
0.460028
0.468296
0.46372
0.460449
0.468895
0.463437
0.460232
0.468151
0.463467
0.460942
0.468506
0.463276
0.462997
0.46823
0.463676
0.45965
0.468277
0.463678
0.45456
0.463175
0.45802
0.455507
0.463288
0.45737
0.455002
0.462925
0.457737
0.455285
0.463235
0.45992
0.45473
0.462549
0.458646
0.454847
0.465739
0.459327
0.455229
0.463434
0.458291
0.454999
0.462758
0.457731
0.455122
0.462805
0.457719
0.454808
0.463042
0.458406
0.454982
0.462671
0.457765
0.454941
0.462984
0.461131
0.455648
0.462667
0.457532
0.454776
0.462995
0.458167
0.454535
0.463489
0.458359
0.454623
0.46302
0.458023
0.454606
0.462914
0.458398
0.45585
0.462451
0.458296
0.455043
0.462617
0.45801
0.454646
0.46275
0.458471
0.454801
0.463026
0.458065
0.454524
0.462792
0.45792
0.455468
0.462766
0.458471
0.455831
0.463107
0.458128
0.45443
0.464768
0.458214
0.453961
0.463603
0.457958
0.454705
0.463113
0.457885
0.45495
0.46272
0.45799
0.455276
0.463493
0.458383
0.45447
0.462763
0.458125
0.456406
0.463149
0.45813
0.455183
0.463232
0.457909
0.454897
0.462587
0.457286
0.45477
0.463336
0.458094
0.454454
0.462967
0.458184
0.454418
0.463412
0.457966
0.454868
0.465097
0.458606
0.45508
0.462757
0.457527
0.454929
0.465212
0.458738
0.455348
0.463802
0.458316
0.45478
0.46285
0.458145
0.454797
0.463256
0.459946
0.455254
0.462795
0.457615
0.455457
0.462622
0.457968
0.454594
0.462398
0.458026
0.455157
0.463221
0.457764
0.45475
0.462563
0.457795
0.455433
0.464162
0.457763
0.455019
0.462587
0.458903
0.455024
0.462787
0.458457
0.455141
0.463107
0.458321
0.454836
0.463206
0.45874
0.454964
0.462629
0.458078
0.454991
0.462622
0.458191
0.45439
0.462865
0.458431
0.455496
0.463575
0.457964
0.455284
0.464077
0.458298
0.455163
0.462727
0.457726
0.455032
0.462702
0.458254
0.454535
0.463173
0.458158
0.454872
0.462932
0.458046
0.456129
0.463473
0.457655
0.455255
0.463024
0.458008
0.455105
0.462413
0.460085
0.454867
0.463318
0.458135
0.454568
0.463547
0.457896
0.455013
0.464265
0.458067
0.455304
0.463094
0.457579
0.455734
0.462982
0.458352
0.454174
0.463358
0.458363
0.454597
0.463348
0.457667
0.454967
0.463099
0.457818
0.456286
0.463018
0.457487
0.454963
0.464206
0.458272
0.454552
0.462835
0.458442
0.455163
0.463166
0.457654
0.454911
0.462768
0.457825
0.455807
0.463388
0.45973
0.455149
0.462795
0.458232
0.454484
0.463114
0.458264
0.455099
0.462897
0.45783
0.454778
0.462759
0.457954
0.455456
0.4626
0.458812
0.456513
0.462571
0.458212
0.454835
0.462678
0.458174
0.454657
0.463501
0.458991
0.454345
0.462808
0.458737
0.454619
0.463162
0.459907
0.455128
0.463738
0.458613
0.454982
0.4628
0.458669
0.454518
0.463672
0.458279
0.455326
0.463101
0.457583
0.455561
0.462594
0.457423
0.454758
0.464083
0.458238
0.454183
0.462984
0.458105
0.454494
0.463146
0.457625
0.454665
0.46319
0.459154
0.455287
0.462726
0.458262
0.455563
0.462978
0.458118
0.455426
0.463602
0.458238
0.454805
0.463494
0.4579
0.454618
0.463561
0.457623
0.456078
0.463391
0.458461
0.455132
0.462775
0.457967
0.455014
0.463232
0.458453
0.454699
0.463388
0.457747
0.454738
0.46311
0.458261
0.455355
0.46263
0.458372
0.455073
0.462486
0.458352
0.455962
0.462856
0.457935
0.454935
0.463575
0.458344
0.45525
0.463234
0.458103
0.455729
0.463234
0.457768
0.455504
0.463579
0.458563
0.454774
0.463001
0.45852
0.455112
0.464897
0.459195
0.454984
0.4638
0.458832
0.455853
0.463623
0.457934
0.455726
0.463212
0.458654
0.454948
0.463409
0.45876
0.455343
0.464012
0.458283
0.455626
0.46468
0.45834
0.456323
0.463572
0.457872
0.455172
0.46348
0.458784
0.454709
0.463214
0.45864
0.45565
0.46317
0.457926
0.454765
0.463476
0.458554
0.455449
0.463363
0.458046
0.455235
0.463104
0.458726
0.455065
0.463159
0.458706
0.455304
0.463449
0.458652
0.454728
0.46446
0.458139
0.45597
0.463126
0.45806
0.455408
0.463182
0.458019
0.454263
0.462776
0.458169
0.456289
0.46492
0.458048
0.454668
0.463149
0.457845
0.455164
0.46289
0.459002
0.454816
0.463052
0.45832
0.454776
0.462918
0.458074
0.454569
0.464225
0.458678
0.454711
0.462789
0.458017
0.456343
0.462781
0.457344
0.455168
0.46363
0.460205
0.454025
0.462809
0.458031
0.454559
0.463011
0.457917
0.456147
0.463376
0.457924
0.455057
0.462914
0.457678
0.455087
0.463025
0.458547
0.454477
0.46262
0.458285
0.454701
0.462866
0.4574
0.454508
0.463152
0.458547
0.455473
0.462976
0.457914
0.455263
0.464703
0.458731
0.454438
0.4627
0.458682
0.455478
0.463058
0.458879
0.45515
0.463112
0.458664
0.456457
0.463107
0.457335
0.454988
0.462617
0.458377
0.454317
0.462908
0.459252
0.454413
0.462751
0.457487
0.454667
0.462764
0.459142
0.455472
0.463564
0.457416
0.455555
0.462707
0.458201
0.454234
0.462588
0.458303
0.449842
0.457562
0.452078
0.449383
0.45709
0.452499
0.449493
0.457298
0.452705
0.449361
0.458071
0.452911
0.449739
0.457284
0.454662
0.449291
0.457565
0.452566
0.449911
0.457428
0.45257
0.449553
0.457039
0.45204
0.449127
0.457341
0.452849
0.44901
0.457333
0.452505
0.44895
0.457073
0.446994
0.443862
0.452278
0.446953
0.444052
0.451879
0.446616
0.444871
0.451912
0.447889
0.443802
0.452155
0.447562
0.4443
0.451906
0.447089
0.444316
0.452419
0.448975
0.444558
0.451814
0.447073
0.444528
0.452468
0.447531
0.444418
0.451907
0.448452
0.444218
0.452885
0.447419
0.44405
0.453088
0.447258
0.444361
0.452252
0.446928
0.444662
0.452642
0.447446
0.444285
0.452221
0.44757
0.444196
0.452344
0.447388
0.44413
0.45243
0.447355
0.444836
0.45191
0.446981
0.444377
0.452259
0.447832
0.444268
0.452575
0.447735
0.444257
0.452237
0.447577
0.444333
0.452421
0.44738
0.444831
0.452522
0.446934
0.444697
0.451877
0.447713
0.443928
0.451739
0.448176
0.443801
0.452755
0.447187
0.444885
0.45301
0.449258
0.444226
0.452228
0.447029
0.445877
0.452499
0.448155
0.444263
0.452087
0.447729
0.444386
0.452236
0.4476
0.443858
0.452567
0.447459
0.44471
0.4524
0.447057
0.444323
0.452597
0.447644
0.444177
0.452082
0.447647
0.444557
0.454799
0.447354
0.445113
0.452527
0.447314
0.444752
0.453168
0.447123
0.444349
0.452109
0.447666
0.444073
0.452272
0.447736
0.445232
0.45347
0.447296
0.444319
0.452343
0.447939
0.444697
0.452029
0.447175
0.445421
0.452168
0.447777
0.444095
0.452604
0.448129
0.444157
0.452506
0.447462
0.444074
0.453079
0.44778
0.444797
0.452472
0.44697
0.44487
0.452055
0.448012
0.443864
0.452227
0.447898
0.444369
0.452236
0.447024
0.444441
0.452636
0.446995
0.444402
0.451907
0.446867
0.444184
0.452165
0.447809
0.444037
0.452426
0.44771
0.444179
0.45241
0.447429
0.444063
0.452597
0.447029
0.444788
0.451784
0.44692
0.444191
0.452353
0.447659
0.443904
0.452233
0.449386
0.444152
0.45264
0.44741
0.444151
0.452372
0.447251
0.444832
0.452184
0.447673
0.444423
0.452365
0.447186
0.443669
0.452265
0.447686
0.444332
0.452386
0.447021
0.444547
0.452326
0.447334
0.44602
0.452506
0.446958
0.444385
0.452316
0.447377
0.443824
0.452231
0.447624
0.443913
0.45245
0.447092
0.444326
0.453584
0.44746
0.444996
0.452056
0.447169
0.444255
0.452036
0.44862
0.443758
0.451828
0.447917
0.444044
0.452322
0.447251
0.444298
0.45252
0.447267
0.444668
0.452234
0.447158
0.444239
0.453617
0.44752
0.443862
0.452472
0.447335
0.444146
0.453506
0.447237
0.443915
0.452356
0.44691
0.44434
0.452652
0.447143
0.443955
0.452067
0.447438
0.444033
0.451806
0.447876
0.444114
0.452868
0.447309
0.444064
0.452418
0.447252
0.445007
0.452353
0.447158
0.444099
0.452248
0.447895
0.443888
0.452155
0.447922
0.44404
0.452365
0.447477
0.444424
0.45246
0.447193
0.444788
0.452309
0.447053
0.444895
0.452857
0.449047
0.445598
0.452489
0.447646
0.444644
0.452029
0.447236
0.444679
0.452753
0.447618
0.444632
0.45237
0.447047
0.444605
0.452116
0.447496
0.444321
0.452379
0.448234
0.444081
0.452798
0.447878
0.443906
0.452647
0.448064
0.447106
0.452222
0.446997
0.444595
0.452126
0.44783
0.443908
0.452445
0.447915
0.444208
0.452458
0.447432
0.444273
0.452412
0.447283
0.444769
0.452059
0.447118
0.44483
0.452732
0.44785
0.444057
0.45208
0.447622
0.444153
0.45249
0.447343
0.444393
