-0.30952
-0.303722
-0.298095
-0.292632
-0.287327
-0.282174
-0.277167
-0.2723
-0.267569
-0.262968
-0.258493
-0.254138
-0.249901
-0.245775
-0.241758
-0.237846
-0.234035
-0.230322
-0.226702
-0.223174
-0.219734
-0.216378
-0.213105
-0.209911
-0.206795
-0.203752
-0.200782
-0.197881
-0.195048
-0.19228
-0.189576
-0.186932
-0.184349
-0.181823
-0.179352
-0.176936
-0.174573
-0.17226
-0.169997
-0.167782
-0.165614
-0.163491
-0.161411
-0.159375
-0.15738
-0.155425
-0.15351
-0.151632
-0.149792
-0.147987
-0.146218
-0.144483
-0.142781
-0.141111
-0.139472
-0.137864
-0.136286
-0.134736
-0.133215
-0.131722
-0.130255
-0.128814
-0.127399
-0.126008
-0.124642
-0.123299
-0.121979
-0.120681
-0.119406
-0.118151
-0.116918
-0.115705
-0.114511
-0.113337
-0.112182
-0.111045
-0.109927
-0.108826
-0.107742
-0.106675
-0.105624
-0.10459
-0.103571
-0.102567
-0.101579
-0.100605
-0.0996454
-0.0986999
-0.0977682
-0.0968499
-0.0959447
-0.0950525
-0.0941728
-0.0933055
-0.0924502
-0.0916068
-0.090775
-0.0899545
-0.0891451
-0.0883467
-0.0875589
-0.0867816
-0.0860146
-0.0852576
-0.0845104
-0.083773
-0.083045
-0.0823263
-0.0816168
-0.0809162
-0.0802244
-0.0795412
-0.0788664
-0.0782
-0.0775417
-0.0768914
-0.076249
-0.0756143
-0.0749871
-0.0743675
-0.0737551
-0.0731499
-0.0725517
-0.0719605
-0.0713761
-0.0707985
-0.0702274
-0.0696627
-0.0691045
-0.0685525
-0.0680066
-0.0674668
-0.066933
-0.066405
-0.0658827
-0.0653662
-0.0648552
-0.0643497
-0.0638497
-0.0633549
-0.0628654
-0.062381
-0.0619017
-0.0614274
-0.060958
-0.0604935
-0.0600337
-0.0595787
-0.0591282
-0.0586824
-0.058241
-0.0578041
-0.0573715
-0.0569432
-0.0565192
-0.0560994
-0.0556836
-0.055272
-0.0548643
-0.0544606
-0.0540608
-0.0536648
-0.0532726
-0.0528842
-0.0524994
-0.0521183
-0.0517408
-0.0513668
-0.0509963
-0.0506292
-0.0502655
-0.0499052
-0.0495482
-0.0491945
-0.048844
-0.0484967
-0.0481526
-0.0478115
-0.0474735
-0.0471386
-0.0468066
-0.0464776
-0.0461515
-0.0458283
-0.0455079
-0.0451903
-0.0448755
-0.0445635
-0.0442542
-0.0439475
-0.0436435
-0.0433421
-0.0430433
-0.042747
-0.0424533
-0.0421621
-0.0418733
-0.041587
-0.0413031
-0.0410215
-0.0407423
-0.0404655
-0.0401909
-0.0399186
-0.0396486
-0.0393808
-0.0391152
-0.0388518
-0.0385906
-0.0383314
-0.0380744
-0.0378195
-0.0375666
-0.0373157
-0.0370669
-0.0368201
-0.0365753
-0.0363324
-0.0360914
-0.0358524
-0.0356152
-0.0353799
-0.0351465
-0.0349149
-0.0346852
-0.0344572
-0.034231
-0.0340066
-0.0337839
-0.0335629
-0.0333437
-0.0331261
-0.0329103
-0.032696
-0.0324835
-0.0322725
-0.0320632
-0.0318554
-0.0316493
-0.0314446
-0.0312416
-0.0310401
-0.0308401
-0.0306416
-0.0304446
-0.030249
-0.030055
-0.0298623
-0.0296711
-0.0294814
-0.029293
-0.029106
-0.0289205
-0.0287362
-0.0285534
-0.0283719
-0.0281917
-0.0280128
-0.0278352
-0.027659
-0.027484
-0.0273103
-0.0271378
-0.0269666
-0.0267966
-0.0266279
-0.0264604
-0.026294
-0.0261289
-0.025965
-0.0258022
-0.0256406
-0.0254801
-0.0253208
-0.0251626
-0.0250056
-0.0248496
-0.0246948
-0.024541
-0.0243883
-0.0242367
-0.0240862
-0.0239367
-0.0237883
-0.0236409
-0.0234946
-0.0233492
-0.0232049
-0.0230616
-0.0229193
-0.0227779
-0.0226376
-0.0224982
-0.0223597
-0.0222223
-0.0220857
-0.0219502
-0.0218155
-0.0216818
-0.0215489
-0.021417
-0.021286
-0.0211559
-0.0210267
-0.0208983
-0.0207708
-0.0206442
-0.0205185
-0.0203936
-0.0202695
-0.0201463
-0.0200239
-0.0199023
-0.0197816
-0.0196616
-0.0195425
-0.0194241
-0.0193066
-0.0191898
-0.0190738
-0.0189586
-0.0188442
-0.0187305
-0.0186176
-0.0185054
-0.018394
-0.0182833
-0.0181733
-0.0180641
-0.0179555
-0.0178477
-0.0177407
-0.0176343
-0.0175286
-0.0174236
-0.0173193
-0.0172156
-0.0171127
-0.0170104
-0.0169088
-0.0168079
-0.0167076
-0.016608
-0.016509
-0.0164106
-0.0163129
-0.0162159
-0.0161194
-0.0160236
-0.0159284
-0.0158338
-0.0157398
-0.0156465
-0.0155537
-0.0154615
-0.0153699
-0.0152789
-0.0151885
-0.0150987
-0.0150094
-0.0149208
-0.0148326
-0.0147451
-0.0146581
-0.0145716
-0.0144857
-0.0144004
-0.0143156
-0.0142313
-0.0141476
-0.0140644
-0.0139817
-0.0138996
-0.0138179
-0.0137368
-0.0136562
-0.0135761
-0.0134965
-0.0134174
-0.0133388
-0.0132607
-0.0131831
-0.013106
-0.0130294
-0.0129532
-0.0128775
-0.0128023
-0.0127276
-0.0126533
-0.0125795
-0.0125062
-0.0124333
-0.0123608
-0.0122888
-0.0122173
-0.0121462
-0.0120755
-0.0120053
-0.0119355
-0.0118662
-0.0117973
-0.0117288
-0.0116607
-0.0115931
-0.0115258
-0.011459
-0.0113926
-0.0113266
-0.011261
-0.0111958
-0.011131
-0.0110667
-0.0110027
-0.0109391
-0.0108758
-0.010813
-0.0107506
-0.0106885
-0.0106268
-0.0105655
-0.0105046
-0.0104441
-0.0103839
-0.010324
-0.0102646
-0.0102055
-0.0101468
-0.0100884
-0.0100304
-0.00997268
-0.00991536
-0.00985838
-0.00980175
-0.00974546
-0.00968952
-0.00963391
-0.00957864
-0.0095237
-0.00946909
-0.00941482
-0.00936087
-0.00930724
-0.00925394
-0.00920096
-0.0091483
-0.00909595
-0.00904392
-0.0089922
-0.00894079
-0.00888969
-0.0088389
-0.00878841
-0.00873823
-0.00868834
-0.00863875
-0.00858946
-0.00854046
-0.00849176
-0.00844335
-0.00839522
-0.00834739
-0.00829983
-0.00825257
-0.00820558
-0.00815887
-0.00811244
-0.00806629
-0.00802041
-0.0079748
-0.00792947
-0.0078844
-0.0078396
-0.00779506
-0.00775079
-0.00770679
-0.00766304
-0.00761955
-0.00757632
-0.00753334
-0.00749062
-0.00744815
-0.00740593
-0.00736396
-0.00732224
-0.00728077
-0.00723953
-0.00719855
-0.0071578
-0.00711729
-0.00707702
-0.00703699
-0.00699719
-0.00695763
-0.0069183
-0.0068792
-0.00684033
-0.00680168
-0.00676327
-0.00672507
-0.00668711
-0.00664936
-0.00661184
-0.00657453
-0.00653744
-0.00650057
-0.00646392
-0.00642748
-0.00639125
-0.00635524
-0.00631943
-0.00628383
-0.00624844
-0.00621326
-0.00617828
-0.0061435
-0.00610893
-0.00607456
-0.00604039
-0.00600641
-0.00597264
-0.00593906
-0.00590567
-0.00587248
-0.00583949
-0.00580668
-0.00577406
-0.00574164
-0.0057094
-0.00567734
-0.00564548
-0.00561379
-0.00558229
-0.00555098
-0.00551984
-0.00548889
-0.00545811
-0.00542751
-0.00539709
-0.00536684
-0.00533677
-0.00530687
-0.00527714
-0.00524759
-0.0052182
-0.00518898
-0.00515994
-0.00513106
-0.00510234
-0.00507379
-0.00504541
-0.00501719
-0.00498913
-0.00496123
-0.00493349
-0.00490592
-0.0048785
-0.00485123
-0.00482413
-0.00479718
-0.00477038
-0.00474374
-0.00471725
-0.00469091
-0.00466472
-0.00463869
-0.0046128
-0.00458706
-0.00456147
-0.00453602
-0.00451072
-0.00448556
-0.00446055
-0.00443568
-0.00441095
-0.00438637
-0.00436192
-0.00433762
-0.00431345
-0.00428942
-0.00426552
-0.00424177
-0.00421815
-0.00419466
-0.00417131
-0.00414809
-0.004125
-0.00410204
-0.00407922
-0.00405652
-0.00403395
-0.00401152
-0.00398921
-0.00396702
-0.00394496
-0.00392303
-0.00390122
-0.00387954
-0.00385798
-0.00383654
-0.00381522
-0.00379402
-0.00377295
-0.00375199
-0.00373115
-0.00371043
-0.00368983
-0.00366935
-0.00364898
-0.00362872
-0.00360858
-0.00358856
-0.00356864
-0.00354884
-0.00352916
-0.00350958
-0.00349011
-0.00347076
-0.00345151
-0.00343237
-0.00341334
-0.00339442
-0.00337561
-0.0033569
-0.00333829
-0.0033198
-0.0033014
-0.00328311
-0.00326492
-0.00324684
-0.00322886
-0.00321097
-0.00319319
-0.00317551
-0.00315793
-0.00314045
-0.00312307
-0.00310578
-0.00308859
-0.0030715
-0.0030545
-0.0030376
-0.0030208
-0.00300409
-0.00298747
-0.00297095
-0.00295452
-0.00293818
-0.00292193
-0.00290578
-0.00288971
-0.00287374
-0.00285786
-0.00284206
-0.00282635
-0.00281074
-0.0027952
-0.00277976
-0.0027644
-0.00274913
-0.00273395
-0.00271885
-0.00270383
-0.0026889
-0.00267405
-0.00265928
-0.0026446
-0.00263
-0.00261548
-0.00260105
-0.00258669
-0.00257241
-0.00255822
-0.0025441
-0.00253006
-0.0025161
-0.00250222
-0.00248842
-0.00247469
-0.00246104
-0.00244747
-0.00243397
-0.00242055
-0.0024072
-0.00239393
-0.00238073
-0.0023676
-0.00235455
-0.00234157
-0.00232867
-0.00231583
-0.00230307
-0.00229038
-0.00227776
-0.00226521
-0.00225273
-0.00224031
-0.00222797
-0.0022157
-0.00220349
-0.00219136
-0.00217929
-0.00216729
-0.00215535
-0.00214348
-0.00213168
-0.00211994
-0.00210827
-0.00209666
-0.00208512
-0.00207364
-0.00206223
-0.00205088
-0.00203959
-0.00202837
-0.00201721
-0.00200611
-0.00199507
-0.00198409
-0.00197317
-0.00196232
-0.00195152
-0.00194079
-0.00193011
-0.0019195
-0.00190894
-0.00189844
-0.001888
-0.00187762
-0.00186729
-0.00185703
-0.00184682
-0.00183666
-0.00182657
-0.00181652
-0.00180654
-0.00179661
-0.00178673
-0.00177691
-0.00176715
-0.00175743
-0.00174778
-0.00173817
-0.00172862
-0.00171912
-0.00170968
-0.00170028
-0.00169094
-0.00168165
-0.00167241
-0.00166323
-0.00165409
-0.00164501
-0.00163597
-0.00162699
-0.00161805
-0.00160916
-0.00160033
-0.00159154
-0.0015828
-0.00157411
-0.00156547
-0.00155687
-0.00154832
-0.00153982
-0.00153137
-0.00152296
-0.0015146
-0.00150629
-0.00149802
-0.0014898
-0.00148162
-0.00147349
-0.00146541
-0.00145736
-0.00144937
-0.00144141
-0.0014335
-0.00142564
-0.00141782
-0.00141004
-0.0014023
-0.00139461
-0.00138696
-0.00137935
-0.00137178
-0.00136426
-0.00135677
-0.00134933
-0.00134193
-0.00133457
-0.00132725
-0.00131997
-0.00131273
-0.00130554
-0.00129838
-0.00129126
-0.00128418
-0.00127714
-0.00127013
-0.00126317
-0.00125624
-0.00124936
-0.00124251
-0.00123569
-0.00122892
-0.00122218
-0.00121548
-0.00120882
-0.0012022
-0.00119561
-0.00118905
-0.00118254
-0.00117606
-0.00116961
-0.0011632
-0.00115683
-0.00115049
-0.00114418
-0.00113791
-0.00113168
-0.00112547
-0.00111931
-0.00111317
-0.00110708
-0.00110101
-0.00109498
-0.00108898
-0.00108301
-0.00107708
-0.00107118
-0.00106531
-0.00105948
-0.00105367
-0.0010479
-0.00104216
-0.00103645
-0.00103077
-0.00102513
-0.00101951
-0.00101393
-0.00100838
-0.00100285
-0.000997362
-0.0009919
-0.000986468
-0.000981066
-0.000975694
-0.000970351
-0.000965037
-0.000959753
-0.000954497
-0.000949271
-0.000944073
-0.000938904
-0.000933764
-0.000928651
-0.000923567
-0.00091851
-0.000913482
-0.000908481
-0.000903507
-0.000898561
-0.000893642
-0.00088875
-0.000883884
-0.000879046
-0.000874234
-0.000869448
-0.000864689
-0.000859956
-0.000855249
-0.000850568
-0.000845912
-0.000841282
-0.000836678
-0.000832098
-0.000827544
-0.000823015
-0.000818511
-0.000814031
-0.000809576
-0.000805146
-0.000800739
-0.000796357
-0.000791999
-0.000787665
-0.000783355
-0.000779068
-0.000774805
-0.000770565
-0.000766349
-0.000762156
-0.000757985
-0.000753838
-0.000749713
-0.000745611
-0.000741531
-0.000737474
-0.000733439
-0.000729426
-0.000725435
-0.000721466
-0.000717519
-0.000713593
-0.000709689
-0.000705807
-0.000701945
-0.000698105
-0.000694286
-0.000690488
-0.00068671
-0.000682953
-0.000679217
-0.000675502
-0.000671806
-0.000668131
-0.000664477
-0.000660842
-0.000657227
-0.000653632
-0.000650056
-0.0006465
-0.000642964
-0.000639447
-0.000635949
-0.000632471
-0.000629011
-0.000625571
-0.000622149
-0.000618746
-0.000615362
-0.000611997
-0.00060865
-0.000605321
-0.000602011
-0.000598718
-0.000595444
-0.000592187
-0.000588949
-0.000585728
-0.000582524
-0.000579338
-0.00057617
-0.000573019
-0.000569885
-0.000566768
-0.000563668
-0.000560585
-0.00055752
-0.000554471
-0.000551438
-0.000548422
-0.000545423
-0.00054244
-0.000539474
-0.000536523
-0.000533589
-0.000530671
-0.000527769
-0.000524883
-0.000522012
-0.000519157
-0.000516318
-0.000513495
-0.000510687
-0.000507894
-0.000505117
-0.000502354
-0.000499607
-0.000496875
-0.000494158
-0.000491456
-0.000488768
-0.000486096
-0.000483437
-0.000480794
-0.000478165
-0.00047555
-0.00047295
-0.000470363
-0.000467791
-0.000465233
-0.000462689
-0.000460159
-0.000457643
-0.000455141
-0.000452652
-0.000450177
-0.000447715
-0.000445267
-0.000442832
-0.000440411
-0.000438003
-0.000435608
-0.000433226
-0.000430857
-0.000428501
-0.000426158
-0.000423828
-0.00042151
-0.000419205
-0.000416913
-0.000414633
-0.000412366
-0.000410111
-0.000407869
-0.000405638
-0.00040342
-0.000401215
-0.000399021
-0.000396839
-0.000394669
-0.000392511
-0.000390365
-0.00038823
-0.000386107
-0.000383996
-0.000381896
-0.000379808
-0.000377731
-0.000375666
-0.000373612
-0.000371569
-0.000369537
-0.000367516
-0.000365507
-0.000363508
-0.00036152
-0.000359544
-0.000357578
-0.000355622
-0.000353678
-0.000351744
-0.00034982
-0.000347907
-0.000346005
-0.000344113
-0.000342231
-0.00034036
-0.000338499
-0.000336648
-0.000334807
-0.000332976
-0.000331155
-0.000329344
-0.000327544
-0.000325752
-0.000323971
-0.000322199
-0.000320438
-0.000318685
-0.000316943
-0.000315209
-0.000313486
-0.000311771
-0.000310066
-0.000308371
-0.000306685
-0.000305007
-0.000303339
-0.000301681
-0.000300031
-0.00029839
-0.000296758
-0.000295135
-0.000293521
-0.000291916
-0.00029032
-0.000288732
-0.000287153
-0.000285583
-0.000284021
-0.000282468
-0.000280923
-0.000279386
-0.000277859
-0.000276339
-0.000274828
-0.000273325
-0.00027183
-0.000270343
-0.000268865
-0.000267394
-0.000265932
-0.000264477
-0.000263031
-0.000261592
-0.000260161
-0.000258738
-0.000257323
-0.000255916
-0.000254516
-0.000253124
-0.00025174
-0.000250363
-0.000248993
-0.000247632
-0.000246277
-0.00024493
-0.00024359
-0.000242258
-0.000240933
-0.000239615
-0.000238304
-0.000237001
-0.000235704
-0.000234415
-0.000233133
-0.000231858
-0.000230589
-0.000229328
-0.000228074
-0.000226826
-0.000225585
-0.000224351
-0.000223124
-0.000221903
-0.00022069
-0.000219482
-0.000218282
-0.000217087
-0.0002159
-0.000214719
-0.000213544
-0.000212376
-0.000211214
-0.000210059
-0.000208909
-0.000207767
-0.00020663
-0.000205499
-0.000204375
-0.000203257
-0.000202145
-0.000201039
-0.000199939
-0.000198845
-0.000197757
-0.000196675
-0.000195599
-0.000194529
-0.000193465
-0.000192406
-0.000191353
-0.000190306
-0.000189265
-0.00018823
-0.0001872
-0.000186175
-0.000185157
-0.000184144
-0.000183136
-0.000182134
-0.000181137
-0.000180146
-0.00017916
-0.00017818
-0.000177205
-0.000176235
-0.000175271
-0.000174312
-0.000173358
-0.000172409
-0.000171466
-0.000170527
-0.000169594
-0.000168666
-0.000167743
-0.000166825
-0.000165912
-0.000165004
-0.000164101
-0.000163203
-0.00016231
-0.000161421
-0.000160538
-0.000159659
-0.000158785
-0.000157916
-0.000157052
-0.000156192
-0.000155337
-0.000154487
-0.000153642
-0.000152801
-0.000151964
-0.000151132
-0.000150305
-0.000149483
-0.000148664
-0.000147851
-0.000147041
-0.000146236
-0.000145436
-0.00014464
-0.000143848
-0.00014306
-0.000142277
-0.000141498
-0.000140724
-0.000139953
-0.000139187
-0.000138425
-0.000137668
-0.000136914
-0.000136164
-0.000135419
-0.000134677
-0.00013394
-0.000133207
-0.000132477
-0.000131752
-0.000131031
-0.000130313
-0.0001296
-0.00012889
-0.000128185
-0.000127483
-0.000126785
-0.000126091
-0.0001254
-0.000124713
-0.000124031
-0.000123351
-0.000122676
-0.000122004
-0.000121336
-0.000120672
-0.000120011
-0.000119354
-0.0001187
-0.00011805
-0.000117404
-0.000116761
-0.000116121
-0.000115485
-0.000114853
-0.000114224
-0.000113598
-0.000112976
-0.000112358
-0.000111742
-0.00011113
-0.000110522
-0.000109916
-0.000109314
-0.000108715
-0.00010812
-0.000107528
-0.000106939
-0.000106353
-0.000105771
-0.000105191
-0.000104615
-0.000104042
-0.000103472
-0.000102905
-0.000102342
-0.000101781
-0.000101223
-0.000100669
-0.000100117
-9.9569e-05
-9.90236e-05
-9.84811e-05
-9.79416e-05
-9.74051e-05
-9.68714e-05
-9.63407e-05
-9.58129e-05
-9.5288e-05
-9.4766e-05
-9.42468e-05
-9.37304e-05
-9.32169e-05
-9.27062e-05
-9.21982e-05
-9.16931e-05
-9.11907e-05
-9.0691e-05
-9.01941e-05
-8.96999e-05
-8.92084e-05
-8.87196e-05
-8.82335e-05
-8.775e-05
-8.72692e-05
-8.6791e-05
-8.63154e-05
-8.58424e-05
-8.5372e-05
-8.49041e-05
-8.44389e-05
-8.39761e-05
-8.35159e-05
-8.30583e-05
-8.26031e-05
-8.21504e-05
-8.17002e-05
-8.12524e-05
-8.08071e-05
-8.03643e-05
-7.99238e-05
-7.94858e-05
-7.90501e-05
-7.86169e-05
-7.8186e-05
-7.77575e-05
-7.73313e-05
-7.69074e-05
-7.64859e-05
-7.60666e-05
-7.56497e-05
-7.5235e-05
-7.48226e-05
-7.44125e-05
-7.40046e-05
-7.3599e-05
-7.31955e-05
-7.27943e-05
-7.23952e-05
-7.19984e-05
-7.16037e-05
-7.12112e-05
-7.08208e-05
-7.04325e-05
-7.00464e-05
-6.96624e-05
-6.92805e-05
-6.89007e-05
-6.85229e-05
-6.81472e-05
-6.77736e-05
-6.7402e-05
-6.70325e-05
-6.6665e-05
-6.62995e-05
-6.59359e-05
-6.55744e-05
-6.52149e-05
-6.48573e-05
-6.45017e-05
-6.4148e-05
-6.37963e-05
-6.34464e-05
-6.30985e-05
-6.27525e-05
-6.24084e-05
-6.20662e-05
-6.17259e-05
-6.13874e-05
-6.10507e-05
-6.07159e-05
-6.0383e-05
-6.00518e-05
-5.97225e-05
-5.9395e-05
-5.90693e-05
-5.87453e-05
-5.84231e-05
-5.81027e-05
-5.77841e-05
-5.74671e-05
-5.7152e-05
-5.68385e-05
-5.65268e-05
-5.62167e-05
-5.59084e-05
-5.56017e-05
-5.52968e-05
-5.49934e-05
-5.46918e-05
-5.43918e-05
-5.40935e-05
-5.37967e-05
-5.35016e-05
-5.32082e-05
-5.29163e-05
-5.2626e-05
-5.23373e-05
-5.20502e-05
-5.17647e-05
-5.14807e-05
-5.11983e-05
-5.09174e-05
-5.06381e-05
-5.03603e-05
-5.0084e-05
-4.98092e-05
-4.9536e-05
-4.92642e-05
-4.89939e-05
-4.87251e-05
-4.84578e-05
-4.81919e-05
-4.79275e-05
-4.76645e-05
-4.7403e-05
-4.71429e-05
-4.68843e-05
-4.6627e-05
-4.63712e-05
-4.61167e-05
-4.58637e-05
-4.5612e-05
-4.53617e-05
-4.51128e-05
-4.48653e-05
-4.46191e-05
-4.43742e-05
-4.41307e-05
-4.38885e-05
-4.36477e-05
-4.34082e-05
-4.31699e-05
-4.2933e-05
-4.26974e-05
-4.24631e-05
-4.223e-05
-4.19983e-05
-4.17678e-05
-4.15385e-05
-4.13106e-05
-4.10838e-05
-4.08583e-05
-4.06341e-05
-4.04111e-05
-4.01893e-05
-3.99687e-05
-3.97493e-05
-3.95311e-05
-3.93141e-05
-3.90983e-05
-3.88837e-05
-3.86703e-05
-3.8458e-05
-3.82469e-05
-3.8037e-05
-3.78282e-05
-3.76205e-05
-3.7414e-05
-3.72086e-05
-3.70044e-05
-3.68012e-05
-3.65992e-05
-3.63983e-05
-3.61984e-05
-3.59997e-05
-3.58021e-05
-3.56055e-05
-3.54101e-05
-3.52156e-05
-3.50223e-05
-3.483e-05
-3.46388e-05
-3.44486e-05
-3.42595e-05
-3.40714e-05
-3.38843e-05
-3.36983e-05
-3.35132e-05
-3.33292e-05
-3.31462e-05
-3.29642e-05
-3.27838e-05
-3.26038e-05
-3.24247e-05
-3.22466e-05
-3.20695e-05
-3.18934e-05
-3.17182e-05
-3.1544e-05
-3.13707e-05
-3.11984e-05
-3.1027e-05
-3.08565e-05
-3.0687e-05
-3.05184e-05
-3.03507e-05
-3.01839e-05
-3.0018e-05
-2.98531e-05
-2.96891e-05
-2.95259e-05
-2.93637e-05
-2.92024e-05
-2.90419e-05
-2.88824e-05
-2.87237e-05
-2.85659e-05
-2.8409e-05
-2.82529e-05
-2.80977e-05
-2.79434e-05
-2.77899e-05
-2.76372e-05
-2.74854e-05
-2.73344e-05
-2.71843e-05
-2.7035e-05
-2.68865e-05
-2.67388e-05
-2.6592e-05
-2.64459e-05
-2.63006e-05
-2.61562e-05
-2.60125e-05
-2.58696e-05
-2.57275e-05
-2.55862e-05
-2.54457e-05
-2.53059e-05
-2.51669e-05
-2.50287e-05
-2.48912e-05
-2.47545e-05
-2.46185e-05
-2.44832e-05
-2.43487e-05
-2.4215e-05
-2.4082e-05
-2.39497e-05
-2.38181e-05
-2.36872e-05
-2.35571e-05
-2.34277e-05
-2.3299e-05
-2.3171e-05
-2.30437e-05
-2.29171e-05
-2.27912e-05
-2.26659e-05
-2.25414e-05
-2.24176e-05
-2.22944e-05
-2.21719e-05
-2.20501e-05
-2.19289e-05
-2.18084e-05
-2.16886e-05
-2.15694e-05
-2.14509e-05
-2.1333e-05
-2.12158e-05
-2.10992e-05
-2.09833e-05
-2.0868e-05
-2.07533e-05
-2.06393e-05
-2.05258e-05
-2.0413e-05
-2.03009e-05
-2.01906e-05
-2.01055e-05
-2.00209e-05
-1.99367e-05
-1.9853e-05
-1.97698e-05
-1.9687e-05
-1.96046e-05
-1.95228e-05
-1.94413e-05
-1.93604e-05
-1.92798e-05
-1.91998e-05
-1.91201e-05
-1.90409e-05
-1.89622e-05
-1.88838e-05
-1.88059e-05
-1.87285e-05
-1.86514e-05
-1.85748e-05
-1.84986e-05
-1.84229e-05
-1.83475e-05
-1.82726e-05
-1.81981e-05
-1.8124e-05
-1.80503e-05
-1.7977e-05
-1.79041e-05
-1.78316e-05
-1.77595e-05
-1.76878e-05
-1.76165e-05
-1.75456e-05
-1.74751e-05
-1.7405e-05
-1.73353e-05
-1.72659e-05
-1.71969e-05
-1.71284e-05
-1.70602e-05
-1.69923e-05
-1.69249e-05
-1.68578e-05
-1.67911e-05
-1.67247e-05
-1.66588e-05
-1.65932e-05
-1.65279e-05
-1.6463e-05
-1.63985e-05
-1.63343e-05
-1.62705e-05
-1.6207e-05
-1.61439e-05
-1.60811e-05
-1.60187e-05
-1.59566e-05
-1.58949e-05
-1.58335e-05
-1.57724e-05
-1.57117e-05
-1.56513e-05
-1.55913e-05
-1.55315e-05
-1.54721e-05
-1.54131e-05
-1.53543e-05
-1.52959e-05
-1.52378e-05
-1.51801e-05
-1.51226e-05
-1.50655e-05
-1.50086e-05
-1.49521e-05
-1.48959e-05
-1.48401e-05
-1.47845e-05
-1.47292e-05
-1.46742e-05
-1.46196e-05
-1.45652e-05
-1.45112e-05
-1.44574e-05
-1.44039e-05
-1.43508e-05
-1.42979e-05
-1.42453e-05
-1.4193e-05
-1.4141e-05
-1.40893e-05
-1.40378e-05
-1.39867e-05
-1.39358e-05
-1.38852e-05
-1.38349e-05
-1.37849e-05
-1.37351e-05
-1.36856e-05
-1.36364e-05
-1.35875e-05
-1.35388e-05
-1.34904e-05
-1.34423e-05
-1.33944e-05
-1.33468e-05
-1.32995e-05
-1.32524e-05
-1.32056e-05
-1.3159e-05
-1.31127e-05
-1.30667e-05
-1.30209e-05
-1.29753e-05
-1.293e-05
-1.2885e-05
-1.28402e-05
-1.27956e-05
-1.27513e-05
-1.27073e-05
-1.26635e-05
-1.26199e-05
-1.25766e-05
-1.25335e-05
-1.24906e-05
-1.2448e-05
-1.24056e-05
-1.23634e-05
-1.23215e-05
-1.22798e-05
-1.22384e-05
-1.21972e-05
-1.21562e-05
-1.21154e-05
-1.20748e-05
-1.20345e-05
-1.19944e-05
-1.19545e-05
-1.19148e-05
-1.18754e-05
-1.18362e-05
-1.17972e-05
-1.17584e-05
-1.17198e-05
-1.16814e-05
-1.16432e-05
-1.16053e-05
-1.15675e-05
-1.153e-05
-1.14927e-05
-1.14556e-05
-1.14187e-05
-1.13819e-05
-1.13454e-05
-1.13091e-05
-1.1273e-05
-1.12371e-05
-1.12014e-05
-1.11659e-05
-1.11306e-05
-1.10954e-05
-1.10605e-05
-1.10258e-05
-1.09912e-05
-1.09569e-05
-1.09227e-05
-1.08887e-05
-1.08549e-05
-1.08213e-05
-1.07879e-05
-1.07547e-05
-1.07216e-05
-1.06887e-05
-1.06561e-05
-1.06235e-05
-1.05912e-05
-1.05591e-05
-1.05271e-05
-1.04953e-05
-1.04637e-05
-1.04322e-05
-1.04009e-05
-1.03698e-05
-1.03389e-05
-1.03081e-05
-1.02775e-05
-1.02471e-05
-1.02168e-05
-1.01868e-05
-1.01568e-05
-1.01271e-05
-1.00975e-05
-1.0068e-05
-1.00388e-05
-1.00097e-05
-9.98071e-06
