-0.316949
-0.310393
-0.304188
-0.298272
-0.292623
-0.287205
-0.281996
-0.27695
-0.272074
-0.267239
-0.262656
-0.258169
-0.25373
-0.249601
-0.24539
-0.241449
-0.237465
-0.233728
-0.229989
-0.226411
-0.222928
-0.219526
-0.216213
-0.212972
-0.209817
-0.206731
-0.203724
-0.200781
-0.197911
-0.195102
-0.192361
-0.189678
-0.187059
-0.184495
-0.182001
-0.179558
-0.177171
-0.174827
-0.17254
-0.170296
-0.168104
-0.165953
-0.16385
-0.161787
-0.159768
-0.157787
-0.155848
-0.153945
-0.152082
-0.150248
-0.148463
-0.146706
-0.144988
-0.143299
-0.141644
-0.140018
-0.138424
-0.136857
-0.13532
-0.133809
-0.132326
-0.130869
-0.129437
-0.12803
-0.126648
-0.125288
-0.123952
-0.122638
-0.121347
-0.120076
-0.118827
-0.117597
-0.116388
-0.115198
-0.114028
-0.112875
-0.111741
-0.110624
-0.109526
-0.108443
-0.107378
-0.106328
-0.105295
-0.104277
-0.103274
-0.102286
-0.101313
-0.100353
-0.0994079
-0.0984756
-0.0975573
-0.0966514
-0.0957588
-0.0948781
-0.0940102
-0.0931536
-0.0923094
-0.0914761
-0.0906546
-0.0898435
-0.0890438
-0.0882542
-0.0874755
-0.0867064
-0.0859478
-0.0851986
-0.0844594
-0.0837292
-0.0830086
-0.0822967
-0.0815941
-0.0808999
-0.0802146
-0.0795374
-0.0788688
-0.0782079
-0.0775554
-0.0769103
-0.0762733
-0.0756434
-0.0750214
-0.0744062
-0.0737986
-0.0731977
-0.072604
-0.0720168
-0.0714366
-0.0708627
-0.0702955
-0.0697344
-0.0691798
-0.0686311
-0.0680887
-0.067552
-0.0670214
-0.0664963
-0.0659772
-0.0654633
-0.0649552
-0.0644523
-0.0639549
-0.0634621
-0.0629751
-0.0624925
-0.0620156
-0.061543
-0.0610759
-0.0606129
-0.0601553
-0.0597017
-0.0592532
-0.0588088
-0.0583693
-0.0579336
-0.0575028
-0.0570757
-0.0566533
-0.0562345
-0.0558204
-0.0554097
-0.0550035
-0.0546008
-0.0542023
-0.0538072
-0.0534163
-0.0530287
-0.0526451
-0.0522648
-0.0518884
-0.051515
-0.0511456
-0.0507792
-0.0504165
-0.0500568
-0.0497007
-0.0493475
-0.0489979
-0.0486511
-0.0483077
-0.0479671
-0.0476299
-0.0472953
-0.0469641
-0.0466354
-0.04631
-0.0459871
-0.0456673
-0.0453501
-0.0450359
-0.0447241
-0.0444153
-0.0441089
-0.0438054
-0.0435042
-0.0432059
-0.0429098
-0.0426165
-0.0423254
-0.042037
-0.0417508
-0.0414672
-0.0411858
-0.040907
-0.0406302
-0.0403559
-0.0400837
-0.039814
-0.0395462
-0.0392809
-0.0390175
-0.0387565
-0.0384974
-0.0382405
-0.0379856
-0.0377329
-0.037482
-0.0372333
-0.0369865
-0.0367418
-0.0364988
-0.036258
-0.0360189
-0.0357818
-0.0355464
-0.0353131
-0.0350814
-0.0348517
-0.0346236
-0.0343975
-0.034173
-0.0339503
-0.0337292
-0.03351
-0.0332923
-0.0330764
-0.0328621
-0.0326495
-0.0324384
-0.032229
-0.0320211
-0.0318149
-0.0316101
-0.031407
-0.0312053
-0.0310052
-0.0308066
-0.0306095
-0.0304137
-0.0302196
-0.0300268
-0.0298355
-0.0296455
-0.029457
-0.0292699
-0.0290842
-0.0288997
-0.0287167
-0.028535
-0.0283547
-0.0281756
-0.0279979
-0.0278214
-0.0276462
-0.0274723
-0.0272997
-0.0271282
-0.0269581
-0.0267891
-0.0266214
-0.0264548
-0.0262895
-0.0261253
-0.0259623
-0.0258005
-0.0256398
-0.0254802
-0.0253219
-0.0251645
-0.0250084
-0.0248533
-0.0246993
-0.0245463
-0.0243945
-0.0242437
-0.024094
-0.0239453
-0.0237977
-0.0236511
-0.0235055
-0.0233609
-0.0232173
-0.0230747
-0.0229331
-0.0227925
-0.0226528
-0.0225141
-0.0223764
-0.0222396
-0.0221037
-0.0219688
-0.0218348
-0.0217016
-0.0215695
-0.0214382
-0.0213078
-0.0211782
-0.0210496
-0.0209218
-0.0207949
-0.0206689
-0.0205437
-0.0204193
-0.0202958
-0.0201731
-0.0200513
-0.0199302
-0.01981
-0.0196905
-0.0195719
-0.019454
-0.019337
-0.0192206
-0.0191051
-0.0189904
-0.0188764
-0.0187632
-0.0186507
-0.0185389
-0.0184279
-0.0183176
-0.0182081
-0.0180993
-0.0179912
-0.0178837
-0.017777
-0.017671
-0.0175657
-0.0174611
-0.0173572
-0.0172539
-0.0171513
-0.0170494
-0.0169481
-0.0168475
-0.0167476
-0.0166482
-0.0165496
-0.0164515
-0.0163542
-0.0162574
-0.0161612
-0.0160657
-0.0159708
-0.0158765
-0.0157828
-0.0156897
-0.0155972
-0.0155053
-0.015414
-0.0153232
-0.0152331
-0.0151435
-0.0150545
-0.014966
-0.0148782
-0.0147908
-0.0147041
-0.0146178
-0.0145322
-0.014447
-0.0143624
-0.0142784
-0.0141949
-0.0141118
-0.0140294
-0.0139474
-0.013866
-0.013785
-0.0137046
-0.0136247
-0.0135453
-0.0134663
-0.0133879
-0.01331
-0.0132325
-0.0131555
-0.0130791
-0.013003
-0.0129275
-0.0128524
-0.0127778
-0.0127037
-0.01263
-0.0125568
-0.012484
-0.0124117
-0.0123398
-0.0122684
-0.0121974
-0.0121269
-0.0120568
-0.0119871
-0.0119179
-0.011849
-0.0117806
-0.0117127
-0.0116451
-0.011578
-0.0115112
-0.0114449
-0.011379
-0.0113135
-0.0112484
-0.0111836
-0.0111193
-0.0110554
-0.0109919
-0.0109287
-0.010866
-0.0108036
-0.0107416
-0.0106799
-0.0106187
-0.0105578
-0.0104973
-0.0104372
-0.0103774
-0.010318
-0.0102589
-0.0102002
-0.0101419
-0.0100839
-0.0100262
-0.00996894
-0.009912
-0.00985539
-0.00979913
-0.0097432
-0.00968761
-0.00963236
-0.00957744
-0.00952285
-0.00946858
-0.00941464
-0.00936103
-0.00930773
-0.00925476
-0.0092021
-0.00914976
-0.00909773
-0.00904601
-0.0089946
-0.00894349
-0.0088927
-0.0088422
-0.00879201
-0.00874211
-0.00869251
-0.00864321
-0.0085942
-0.00854548
-0.00849705
-0.0084489
-0.00840105
-0.00835348
-0.00830619
-0.00825917
-0.00821244
-0.00816598
-0.00811981
-0.0080739
-0.00802826
-0.00798289
-0.00793779
-0.00789296
-0.00784839
-0.00780409
-0.00776004
-0.00771626
-0.00767273
-0.00762946
-0.00758644
-0.00754368
-0.00750116
-0.0074589
-0.00741689
-0.00737511
-0.00733359
-0.00729231
-0.00725128
-0.00721048
-0.00716992
-0.00712959
-0.00708951
-0.00704966
-0.00701004
-0.00697065
-0.0069315
-0.00689256
-0.00685387
-0.00681539
-0.00677714
-0.00673911
-0.0067013
-0.00666371
-0.00662635
-0.00658919
-0.00655226
-0.00651554
-0.00647903
-0.00644274
-0.00640666
-0.00637078
-0.00633512
-0.00629965
-0.0062644
-0.00622935
-0.0061945
-0.00615986
-0.00612541
-0.00609116
-0.00605712
-0.00602327
-0.00598962
-0.00595615
-0.00592289
-0.00588981
-0.00585693
-0.00582423
-0.00579173
-0.0057594
-0.00572728
-0.00569532
-0.00566357
-0.00563198
-0.00560058
-0.00556936
-0.00553833
-0.00550746
-0.00547678
-0.00544627
-0.00541595
-0.00538579
-0.0053558
-0.00532599
-0.00529635
-0.00526687
-0.00523757
-0.00520844
-0.00517947
-0.00515066
-0.00512203
-0.00509356
-0.00506525
-0.00503709
-0.00500911
-0.00498128
-0.00495361
-0.0049261
-0.00489875
-0.00487155
-0.00484451
-0.00481761
-0.00479089
-0.0047643
-0.00473787
-0.00471159
-0.00468546
-0.00465947
-0.00463364
-0.00460795
-0.00458241
-0.00455701
-0.00453177
-0.00450666
-0.0044817
-0.00445687
-0.00443219
-0.00440764
-0.00438324
-0.00435897
-0.00433485
-0.00431086
-0.00428701
-0.00426328
-0.0042397
-0.00421625
-0.00419294
-0.00416975
-0.00414669
-0.00412377
-0.00410097
-0.0040783
-0.00405577
-0.00403336
-0.00401108
-0.00398892
-0.00396689
-0.00394498
-0.0039232
-0.00390153
-0.00388
-0.00385858
-0.00383729
-0.0038161
-0.00379505
-0.00377411
-0.00375329
-0.00373259
-0.003712
-0.00369153
-0.00367118
-0.00365093
-0.00363081
-0.00361079
-0.0035909
-0.0035711
-0.00355143
-0.00353186
-0.00351241
-0.00349305
-0.00347382
-0.00345468
-0.00343567
-0.00341675
-0.00339794
-0.00337923
-0.00336064
-0.00334213
-0.00332375
-0.00330545
-0.00328727
-0.00326918
-0.0032512
-0.00323332
-0.00321554
-0.00319785
-0.00318027
-0.00316278
-0.0031454
-0.00312811
-0.00311092
-0.00309382
-0.00307682
-0.00305991
-0.0030431
-0.00302638
-0.00300976
-0.00299323
-0.00297679
-0.00296044
-0.00294419
-0.00292802
-0.00291195
-0.00289596
-0.00288007
-0.00286426
-0.00284854
-0.0028329
-0.00281736
-0.0028019
-0.00278653
-0.00277124
-0.00275605
-0.00274093
-0.0027259
-0.00271095
-0.00269609
-0.0026813
-0.0026666
-0.00265198
-0.00263745
-0.00262299
-0.00260862
-0.00259432
-0.00258011
-0.00256597
-0.00255191
-0.00253793
-0.00252403
-0.0025102
-0.00249646
-0.00248278
-0.00246919
-0.00245567
-0.00244222
-0.00242885
-0.00241556
-0.00240233
-0.00238919
-0.0023761
-0.0023631
-0.00235017
-0.00233731
-0.00232452
-0.00231181
-0.00229916
-0.00228658
-0.00227407
-0.00226164
-0.00224926
-0.00223697
-0.00222473
-0.00221257
-0.00220047
-0.00218844
-0.00217647
-0.00216458
-0.00215274
-0.00214098
-0.00212927
-0.00211764
-0.00210606
-0.00209456
-0.00208312
-0.00207173
-0.00206042
-0.00204916
-0.00203797
-0.00202684
-0.00201576
-0.00200476
-0.00199381
-0.00198292
-0.00197209
-0.00196133
-0.00195061
-0.00193997
-0.00192938
-0.00191884
-0.00190837
-0.00189795
-0.0018876
-0.00187729
-0.00186705
-0.00185686
-0.00184673
-0.00183665
-0.00182663
-0.00181666
-0.00180676
-0.0017969
-0.0017871
-0.00177735
-0.00176766
-0.00175801
-0.00174843
-0.0017389
-0.00172941
-0.00171998
-0.00171061
-0.00170127
-0.001692
-0.00168278
-0.0016736
-0.00166449
-0.00165542
-0.00164639
-0.00163742
-0.00162849
-0.00161962
-0.00161079
-0.00160201
-0.00159329
-0.00158461
-0.00157597
-0.00156739
-0.00155885
-0.00155035
-0.00154191
-0.00153352
-0.00152516
-0.00151686
-0.0015086
-0.00150038
-0.00149221
-0.00148409
-0.001476
-0.00146797
-0.00145998
-0.00145202
-0.00144412
-0.00143626
-0.00142844
-0.00142066
-0.00141293
-0.00140524
-0.0013976
-0.00138999
-0.00138242
-0.0013749
-0.00136742
-0.00135998
-0.00135258
-0.00134522
-0.0013379
-0.00133062
-0.00132338
-0.00131619
-0.00130903
-0.0013019
-0.00129482
-0.00128778
-0.00128078
-0.00127381
-0.00126688
-0.00125999
-0.00125314
-0.00124633
-0.00123955
-0.00123281
-0.00122611
-0.00121944
-0.00121281
-0.00120622
-0.00119966
-0.00119314
-0.00118665
-0.0011802
-0.00117379
-0.00116741
-0.00116106
-0.00115475
-0.00114847
-0.00114223
-0.00113603
-0.00112986
-0.00112372
-0.00111761
-0.00111153
-0.0011055
-0.00109949
-0.00109352
-0.00108758
-0.00108166
-0.00107579
-0.00106994
-0.00106413
-0.00105835
-0.00105261
-0.00104689
-0.0010412
-0.00103554
-0.00102992
-0.00102433
-0.00101876
-0.00101323
-0.00100773
-0.00100226
-0.000996817
-0.000991405
-0.000986022
-0.000980669
-0.000975345
-0.000970048
-0.000964776
-0.000959539
-0.00095433
-0.00094915
-0.000943998
-0.000938874
-0.000933778
-0.000928709
-0.000923668
-0.000918655
-0.000913669
-0.000908711
-0.000903779
-0.000898874
-0.000893996
-0.000889144
-0.000884319
-0.000879521
-0.000874748
-0.000870001
-0.00086528
-0.000860585
-0.000855916
-0.000851272
-0.000846653
-0.00084206
-0.000837491
-0.000832947
-0.000828428
-0.000823934
-0.000819464
-0.000815019
-0.000810597
-0.0008062
-0.000801827
-0.000797477
-0.000793151
-0.000788849
-0.00078457
-0.000780315
-0.000776082
-0.000771873
-0.000767686
-0.000763523
-0.000759382
-0.000755263
-0.000751167
-0.000747093
-0.000743042
-0.000739012
-0.000735005
-0.000731019
-0.000727055
-0.000723112
-0.000719191
-0.000715291
-0.000711412
-0.000707555
-0.000703718
-0.000699903
-0.000696108
-0.000692333
-0.00068858
-0.000684846
-0.000681133
-0.00067744
-0.000673768
-0.000670115
-0.000666482
-0.000662869
-0.000659275
-0.000655701
-0.000652146
-0.000648611
-0.000645095
-0.000641598
-0.00063812
-0.000634661
-0.000631221
-0.000627799
-0.000624396
-0.000621012
-0.000617646
-0.000614298
-0.000610968
-0.000607657
-0.000604363
-0.000601088
-0.00059783
-0.000594593
-0.000591371
-0.000588165
-0.000584977
-0.000581806
-0.000578653
-0.000575516
-0.000572397
-0.000569295
-0.000566209
-0.000563141
-0.000560089
-0.000557054
-0.000554035
-0.000551033
-0.000548047
-0.000545077
-0.000542123
-0.000539186
-0.000536264
-0.000533359
-0.000530469
-0.000527594
-0.000524736
-0.000521893
-0.000519065
-0.000516253
-0.000513456
-0.000510674
-0.000507907
-0.000505155
-0.000502418
-0.000499697
-0.000496989
-0.000494297
-0.000491619
-0.000488956
-0.000486307
-0.000483672
-0.000481052
-0.000478446
-0.000475854
-0.000473277
-0.000470713
-0.000468163
-0.000465627
-0.000463104
-0.000460596
-0.000458101
-0.000455619
-0.000453151
-0.000450697
-0.000448256
-0.000445828
-0.000443413
-0.000441011
-0.000438622
-0.000436246
-0.000433884
-0.000431534
-0.000429196
-0.000426872
-0.00042456
-0.00042226
-0.000419973
-0.000417699
-0.000415436
-0.000413186
-0.000410949
-0.000408723
-0.000406509
-0.000404308
-0.000402118
-0.00039994
-0.000397774
-0.00039562
-0.000393478
-0.000391347
-0.000389227
-0.00038712
-0.000385023
-0.000382938
-0.000380864
-0.000378802
-0.000376751
-0.00037471
-0.000372681
-0.000370663
-0.000368656
-0.00036666
-0.000364674
-0.000362699
-0.000360735
-0.000358782
-0.000356839
-0.000354907
-0.000352985
-0.000351074
-0.000349173
-0.000347282
-0.000345402
-0.000343531
-0.000341671
-0.000339821
-0.000337981
-0.000336151
-0.000334331
-0.000332521
-0.00033072
-0.00032893
-0.000327149
-0.000325377
-0.000323616
-0.000321863
-0.000320121
-0.000318388
-0.000316664
-0.000314949
-0.000313244
-0.000311548
-0.000309861
-0.000308184
-0.000306515
-0.000304855
-0.000303205
-0.000301563
-0.000299931
-0.000298307
-0.000296692
-0.000295085
-0.000293488
-0.000291899
-0.000290319
-0.000288747
-0.000287183
-0.000285629
-0.000284082
-0.000282544
-0.000281015
-0.000279493
-0.00027798
-0.000276475
-0.000274978
-0.00027349
-0.000272009
-0.000270537
-0.000269072
-0.000267615
-0.000266166
-0.000264725
-0.000263292
-0.000261867
-0.000260449
-0.000259039
-0.000257637
-0.000256242
-0.000254855
-0.000253475
-0.000252103
-0.000250738
-0.000249381
-0.000248031
-0.000246688
-0.000245352
-0.000244024
-0.000242703
-0.000241389
-0.000240082
-0.000238783
-0.00023749
-0.000236204
-0.000234926
-0.000233654
-0.000232389
-0.000231131
-0.00022988
-0.000228635
-0.000227397
-0.000226166
-0.000224942
-0.000223724
-0.000222513
-0.000221309
-0.000220111
-0.000218919
-0.000217734
-0.000216555
-0.000215383
-0.000214217
-0.000213057
-0.000211904
-0.000210756
-0.000209616
-0.000208481
-0.000207352
-0.00020623
-0.000205113
-0.000204003
-0.000202898
-0.0002018
-0.000200707
-0.000199621
-0.00019854
-0.000197465
-0.000196396
-0.000195333
-0.000194276
-0.000193224
-0.000192179
-0.000191139
-0.000190106
-0.000189078
-0.000188056
-0.000187039
-0.000186028
-0.000185022
-0.000184022
-0.000183027
-0.000182037
-0.000181053
-0.000180074
-0.0001791
-0.000178132
-0.000177169
-0.000176211
-0.000175258
-0.000174311
-0.000173369
-0.000172431
-0.000171499
-0.000170572
-0.00016965
-0.000168732
-0.00016782
-0.000166913
-0.000166011
-0.000165113
-0.00016422
-0.000163333
-0.00016245
-0.000161571
-0.000160698
-0.000159829
-0.000158965
-0.000158106
-0.000157251
-0.000156401
-0.000155555
-0.000154714
-0.000153878
-0.000153046
-0.000152219
-0.000151396
-0.000150577
-0.000149763
-0.000148954
-0.000148149
-0.000147348
-0.000146551
-0.000145759
-0.000144971
-0.000144187
-0.000143408
-0.000142633
-0.000141862
-0.000141095
-0.000140332
-0.000139573
-0.000138819
-0.000138069
-0.000137322
-0.00013658
-0.000135842
-0.000135107
-0.000134377
-0.000133651
-0.000132928
-0.00013221
-0.000131495
-0.000130784
-0.000130077
-0.000129374
-0.000128675
-0.000127979
-0.000127287
-0.000126599
-0.000125915
-0.000125234
-0.000124557
-0.000123884
-0.000123214
-0.000122548
-0.000121886
-0.000121227
-0.000120572
-0.00011992
-0.000119272
-0.000118627
-0.000117986
-0.000117348
-0.000116714
-0.000116083
-0.000115456
-0.000114832
-0.000114211
-0.000113593
-0.000112979
-0.000112369
-0.000111761
-0.000111157
-0.000110557
-0.000109959
-0.000109365
-0.000108773
-0.000108186
-0.000107601
-0.000107019
-0.000106441
-0.000105865
-0.000105293
-0.000104724
-0.000104158
-0.000103595
-0.000103035
-0.000102478
-0.000101924
-0.000101373
-0.000100825
-0.00010028
-9.97384e-05
-9.91993e-05
-9.86631e-05
-9.81299e-05
-9.75995e-05
-9.70719e-05
-9.65473e-05
-9.60254e-05
-9.55064e-05
-9.49902e-05
-9.44768e-05
-9.39661e-05
-9.34582e-05
-9.29531e-05
-9.24507e-05
-9.1951e-05
-9.1454e-05
-9.09597e-05
-9.04681e-05
-8.99791e-05
-8.94928e-05
-8.90091e-05
-8.8528e-05
-8.80495e-05
-8.75736e-05
-8.71002e-05
-8.66295e-05
-8.61612e-05
-8.56955e-05
-8.52324e-05
-8.47717e-05
-8.43135e-05
-8.38578e-05
-8.34046e-05
-8.29538e-05
-8.25054e-05
-8.20595e-05
-8.16159e-05
-8.11748e-05
-8.07361e-05
-8.02997e-05
-7.98657e-05
-7.9434e-05
-7.90047e-05
-7.85777e-05
-7.8153e-05
-7.77306e-05
-7.73104e-05
-7.68926e-05
-7.6477e-05
-7.60636e-05
-7.56525e-05
-7.52436e-05
-7.4837e-05
-7.44325e-05
-7.40302e-05
-7.363e-05
-7.32321e-05
-7.28363e-05
-7.24426e-05
-7.20511e-05
-7.16616e-05
-7.12743e-05
-7.08891e-05
-7.05059e-05
-7.01248e-05
-6.97458e-05
-6.93689e-05
-6.89939e-05
-6.8621e-05
-6.82501e-05
-6.78812e-05
-6.75144e-05
-6.71494e-05
-6.67865e-05
-6.64255e-05
-6.60665e-05
-6.57094e-05
-6.53543e-05
-6.5001e-05
-6.46497e-05
-6.43003e-05
-6.39527e-05
-6.36071e-05
-6.32633e-05
-6.29214e-05
-6.25813e-05
-6.2243e-05
-6.19066e-05
-6.1572e-05
-6.12392e-05
-6.09082e-05
-6.0579e-05
-6.02516e-05
-5.99259e-05
-5.9602e-05
-5.92799e-05
-5.89595e-05
-5.86408e-05
-5.83238e-05
-5.80086e-05
-5.7695e-05
-5.73832e-05
-5.7073e-05
-5.67646e-05
-5.64577e-05
-5.61526e-05
-5.58491e-05
-5.55472e-05
-5.5247e-05
-5.49484e-05
-5.46514e-05
-5.4356e-05
-5.40622e-05
-5.377e-05
-5.34793e-05
-5.31903e-05
-5.29028e-05
-5.26168e-05
-5.23324e-05
-5.20495e-05
-5.17682e-05
-5.14884e-05
-5.12101e-05
-5.09333e-05
-5.0658e-05
-5.03842e-05
-5.01118e-05
-4.9841e-05
-4.95716e-05
-4.93036e-05
-4.90371e-05
-4.87721e-05
-4.85084e-05
-4.82462e-05
-4.79855e-05
-4.77261e-05
-4.74681e-05
-4.72115e-05
-4.69563e-05
-4.67025e-05
-4.64501e-05
-4.6199e-05
-4.59493e-05
-4.57009e-05
-4.54539e-05
-4.52082e-05
-4.49638e-05
-4.47208e-05
-4.4479e-05
-4.42386e-05
-4.39995e-05
-4.37616e-05
-4.35251e-05
-4.32898e-05
-4.30558e-05
-4.28231e-05
-4.25916e-05
-4.23613e-05
-4.21324e-05
-4.19046e-05
-4.16781e-05
-4.14528e-05
-4.12287e-05
-4.10059e-05
-4.07842e-05
-4.05637e-05
-4.03445e-05
-4.01264e-05
-3.99095e-05
-3.96937e-05
-3.94791e-05
-3.92657e-05
-3.90535e-05
-3.88424e-05
-3.86324e-05
-3.84235e-05
-3.82158e-05
-3.80093e-05
-3.78038e-05
-3.75994e-05
-3.73962e-05
-3.7194e-05
-3.69929e-05
-3.6793e-05
-3.65941e-05
-3.63962e-05
-3.61995e-05
-3.60038e-05
-3.58091e-05
-3.56156e-05
-3.5423e-05
-3.52315e-05
-3.50411e-05
-3.48516e-05
-3.46632e-05
-3.44758e-05
-3.42894e-05
-3.41041e-05
-3.39197e-05
-3.37363e-05
-3.35539e-05
-3.33725e-05
-3.31921e-05
-3.30127e-05
-3.28342e-05
-3.26567e-05
-3.24801e-05
-3.23045e-05
-3.21299e-05
-3.19573e-05
-3.17845e-05
-3.16127e-05
-3.14417e-05
-3.12717e-05
-3.11027e-05
-3.09345e-05
-3.07672e-05
-3.06009e-05
-3.04354e-05
-3.02709e-05
-3.01072e-05
-2.99444e-05
-2.97825e-05
-2.96215e-05
-2.94613e-05
-2.9302e-05
-2.91436e-05
-2.8986e-05
-2.88293e-05
-2.86734e-05
-2.85184e-05
-2.83642e-05
-2.82108e-05
-2.80583e-05
-2.79066e-05
-2.77557e-05
-2.76056e-05
-2.74563e-05
-2.73079e-05
-2.71602e-05
-2.70134e-05
-2.68673e-05
-2.6722e-05
-2.65775e-05
-2.64338e-05
-2.62909e-05
-2.61487e-05
-2.60073e-05
-2.58667e-05
-2.57268e-05
-2.55877e-05
-2.54493e-05
-2.53117e-05
-2.51748e-05
-2.50387e-05
-2.49033e-05
-2.47686e-05
-2.46347e-05
-2.45014e-05
-2.43689e-05
-2.42372e-05
-2.41061e-05
-2.39757e-05
-2.38461e-05
-2.37171e-05
-2.35888e-05
-2.34613e-05
-2.33344e-05
-2.32082e-05
-2.30827e-05
-2.29579e-05
-2.28337e-05
-2.27102e-05
-2.25874e-05
-2.24652e-05
-2.23437e-05
-2.22229e-05
-2.21027e-05
-2.19832e-05
-2.18644e-05
-2.17462e-05
-2.16288e-05
-2.1512e-05
-2.13957e-05
-2.12802e-05
-2.11652e-05
-2.10509e-05
-2.09372e-05
-2.08241e-05
-2.07116e-05
-2.05997e-05
-2.04885e-05
-2.03778e-05
-2.02677e-05
-2.01582e-05
-2.00493e-05
-1.9941e-05
-1.98333e-05
-1.97262e-05
-1.96196e-05
-1.95137e-05
-1.94083e-05
-1.93034e-05
-1.91992e-05
-1.90955e-05
-1.89923e-05
-1.88897e-05
-1.87877e-05
-1.86862e-05
-1.85853e-05
-1.84849e-05
-1.8385e-05
-1.82857e-05
-1.8187e-05
-1.80887e-05
-1.7991e-05
-1.78938e-05
-1.77972e-05
-1.77011e-05
-1.76054e-05
-1.75103e-05
-1.74158e-05
-1.73217e-05
-1.72281e-05
-1.71351e-05
-1.70425e-05
-1.69505e-05
-1.68589e-05
-1.67678e-05
-1.66773e-05
-1.65872e-05
-1.64976e-05
-1.64085e-05
-1.63199e-05
-1.62317e-05
-1.6144e-05
-1.60568e-05
-1.59701e-05
-1.58838e-05
-1.57981e-05
-1.57127e-05
-1.56279e-05
-1.55434e-05
-1.54595e-05
-1.5376e-05
-1.52929e-05
-1.52103e-05
-1.51282e-05
-1.50465e-05
-1.49652e-05
-1.48844e-05
-1.4804e-05
-1.4724e-05
-1.46445e-05
-1.45654e-05
-1.44867e-05
-1.44085e-05
-1.43306e-05
-1.42532e-05
-1.41762e-05
-1.40997e-05
-1.40235e-05
-1.39478e-05
-1.38724e-05
-1.37975e-05
-1.3723e-05
-1.36489e-05
-1.35752e-05
-1.35018e-05
-1.34289e-05
-1.33564e-05
-1.32842e-05
-1.32125e-05
-1.31411e-05
-1.30701e-05
-1.29995e-05
-1.29293e-05
-1.28595e-05
-1.279e-05
-1.2721e-05
-1.26523e-05
-1.25839e-05
-1.2516e-05
-1.24484e-05
-1.23811e-05
-1.23143e-05
-1.22477e-05
-1.21816e-05
-1.21158e-05
-1.20504e-05
-1.19853e-05
-1.19205e-05
-1.18562e-05
-1.17921e-05
-1.17284e-05
-1.16651e-05
-1.16021e-05
-1.15394e-05
-1.14771e-05
-1.14151e-05
-1.13535e-05
-1.12921e-05
-1.12312e-05
-1.11705e-05
-1.11102e-05
-1.10502e-05
-1.09905e-05
-1.09311e-05
-1.08722e-05
-1.08135e-05
-1.07552e-05
-1.06972e-05
-1.06396e-05
-1.05822e-05
-1.05251e-05
-1.04684e-05
-1.04119e-05
-1.03558e-05
-1.03e-05
-1.02444e-05
-1.01892e-05
-1.01343e-05
-1.00796e-05
-1.00253e-05
-9.97125e-06
-9.91749e-06
-9.86403e-06
-9.81085e-06
-9.75796e-06
-9.70535e-06
-9.65303e-06
-9.601e-06
-9.54924e-06
-9.49776e-06
-9.44656e-06
-9.39564e-06
-9.34499e-06
-9.29462e-06
-9.24452e-06
-9.19469e-06
-9.14513e-06
-9.09583e-06
-9.04681e-06
-8.99804e-06
-8.94954e-06
-8.90131e-06
-8.85333e-06
-8.80561e-06
-8.75815e-06
-8.71095e-06
-8.664e-06
-8.61741e-06
-8.57109e-06
-8.52503e-06
-8.47921e-06
-8.43364e-06
-8.38831e-06
-8.34323e-06
-8.29839e-06
-8.2538e-06
-8.20944e-06
-8.16533e-06
-8.12145e-06
-8.07781e-06
-8.03441e-06
-7.99124e-06
-7.94831e-06
-7.9056e-06
-7.86313e-06
-7.82089e-06
-7.77887e-06
-7.73708e-06
-7.69552e-06
-7.65418e-06
-7.61307e-06
