11753.4
0.699564
0.696655
0.699929
0.689315
0.696814
0.691504
0.691984
0.691545
0.70226
151.516
0.694084
307.073
0.695164
274.72
0.69241
228.91
0.692131
203.124
0.690247
184.748
0.7059
170.595
0.69468
194.318
0.70392
173.015
0.689755
156.654
0.688985
144.547
0.690367
133.864
0.68828
124.919
0.706118
129.898
0.697188
148.805
0.6961
130.754
0.687699
117.756
0.704089
107.333
0.702643
98.7126
0.698485
91.3032
0.681882
117.905
0.716354
116.226
0.677273
103.067
0.681102
93.0241
0.685049
84.6979
0.67737
77.7534
0.679871
72.8363
0.675417
70.2897
0.700085
68.6978
0.679095
65.9055
0.694401
64.2949
0.67824
62.147
0.701759
60.2778
0.678964
57.4757
0.694213
54.4614
0.684479
51.4987
0.682734
48.4167
0.686147
45.5799
0.685613
43.2005
0.684233
41.0411
0.680124
38.8237
0.695741
36.8044
0.683004
34.923
0.721364
33.5175
0.682422
31.8945
0.681925
30.4477
0.678665
28.9981
0.679819
27.7142
0.682884
26.5211
0.681703
25.326
0.712385
24.3107
0.675421
23.3223
0.693392
22.3196
0.687347
21.5133
0.68053
20.6311
0.67992
19.8861
0.686138
19.208
0.683948
18.4619
0.687463
17.8611
0.686623
17.2564
0.690296
16.6596
0.688758
16.1203
0.677902
15.5952
0.707541
15.1024
0.686446
14.643
0.679871
14.1798
0.697957
17.133
0.686582
16.8864
0.675554
16.3033
0.685513
15.8942
0.679209
15.4878
0.684244
14.9791
0.680345
14.6589
0.683141
14.2645
0.681115
13.8357
0.680217
13.4234
0.69195
13.0251
0.690596
12.6381
0.677575
12.2692
0.682908
11.922
0.679506
11.7336
0.688482
11.4586
0.68963
11.1686
0.680819
10.834
0.683508
10.5779
0.725011
10.3115
0.684681
10.0523
0.691558
9.79233
0.683448
9.54324
0.677183
9.3591
0.680855
9.13704
0.682606
8.90454
0.680355
8.71431
0.677704
8.54304
0.677477
8.45183
0.677561
8.299
0.707787
8.1119
0.679286
7.93884
0.680241
7.78612
0.679773
7.66585
0.680645
7.46983
0.689912
7.32515
0.687876
7.19887
0.689685
7.13608
0.688782
7.06604
0.684929
6.90689
0.68429
6.77276
0.68032
6.69205
0.683205
6.53147
0.679271
6.42468
0.685889
6.35629
0.67975
6.21608
0.683274
6.07799
0.681548
6.02501
0.685862
5.89299
0.690004
5.7823
0.688509
5.69209
0.689404
5.64208
0.678742
5.51288
0.680701
5.44988
0.694306
5.34004
0.693962
5.25479
0.679856
5.18469
0.679349
5.0842
0.678063
5.01992
0.683477
4.91914
0.685992
4.86426
0.69136
4.79685
0.68514
4.72869
0.67923
4.64451
0.677708
4.61339
0.678787
4.50979
0.685021
4.43798
0.686522
4.37016
0.680829
4.34375
0.684295
4.24773
0.682665
4.22369
0.681102
4.15343
0.684131
4.10084
0.689353
4.02031
0.685449
3.96342
0.67788
3.92413
0.682717
3.86956
0.683709
3.83065
0.687634
3.76001
0.679366
3.73844
0.691752
3.66753
0.682207
3.61025
0.680622
3.56616
0.677442
3.54927
0.691713
3.4767
0.679591
3.44466
0.684966
3.41371
0.675737
3.35493
0.683267
3.34332
0.679301
3.26037
0.687621
3.24697
0.679684
3.19576
0.678539
3.16113
0.680712
3.12287
0.681209
3.06052
0.685064
3.06635
0.689826
2.9998
0.680385
3.00106
0.685225
2.93669
0.681823
2.90767
0.68799
2.8744
0.678404
2.82648
0.677197
2.803
0.727503
2.76857
0.677237
2.73413
0.6844
2.70353
0.682782
2.70952
0.681769
2.64158
0.686429
2.60483
0.685538
2.61164
0.687668
2.54173
0.683537
2.55238
0.678893
2.51342
0.680141
2.48529
0.684287
2.44855
0.679643
2.42334
0.677061
2.42165
0.680097
2.39741
0.680632
2.35213
0.677698
2.31899
0.684446
2.28627
0.680706
2.29004
0.679161
2.26741
0.683586
2.23359
0.684249
2.22757
0.679318
2.19944
0.679933
2.16666
0.696091
2.15908
0.68488
2.12713
0.695634
2.09041
0.686922
2.06192
0.680301
2.06472
0.678291
2.06913
0.679386
2.03161
0.681492
1.99585
0.684916
1.96616
0.683082
1.97228
0.679087
1.96366
0.689222
1.91897
0.699502
1.94351
0.678619
1.87092
0.687769
1.8697
0.678806
1.8753
0.678783
1.84962
0.686083
1.84979
0.681434
1.81221
0.690758
1.77406
0.721942
1.77767
0.6776
1.77562
0.688773
1.73338
0.688139
1.70142
0.67626
1.73765
0.682628
1.67798
0.676441
1.67796
0.669297
1.67234
0.674585
1.67207
0.672973
1.60264
0.673294
1.63105
0.672012
1.60805
0.677689
1.56604
0.671112
1.59433
0.672753
1.53754
0.671255
1.56238
0.674514
1.53945
0.671108
1.49876
0.666825
1.53285
0.674237
1.49469
0.666163
1.47284
0.663832
1.4648
0.665122
1.47001
0.669293
1.44115
0.676253
1.43544
0.667379
1.44367
0.669103
1.40712
0.67059
1.4158
0.67692
1.40468
0.688078
1.37224
0.664763
1.39096
0.690092
1.37553
0.668415
1.33823
0.664912
1.36136
0.677586
1.33722
0.662099
1.34316
0.671694
1.30921
0.669442
1.31718
0.668265
1.27902
0.669163
1.27798
0.665934
1.27248
0.668761
1.28002
0.665272
1.2708
0.666601
1.25536
0.673519
1.24383
0.670925
1.21332
0.66727
1.25659
0.676679
1.20875
0.671782
1.21233
0.665274
1.18422
0.667197
1.20843
0.672354
1.17901
0.665155
1.18422
0.668263
1.14593
0.671815
1.17803
0.664239
1.15219
0.666658
1.14453
0.671541
1.14708
0.665335
1.11992
0.667062
1.14654
0.672056
1.11461
0.665737
1.12057
0.668028
1.08136
0.671658
1.11542
0.665336
1.08862
0.668517
1.08147
0.671366
1.08359
0.664794
1.08842
0.667292
1.0492
0.671728
1.04976
0.665226
1.05693
0.667623
1.04913
0.672168
1.05199
0.68282
1.05917
0.667321
1.01699
0.671046
1.01808
0.665997
1.02432
0.667237
1.01647
0.671615
1.01933
0.665157
0.992544
0.667148
1.01738
0.671171
0.986136
0.665778
0.99265
0.66703
0.984732
0.671861
0.954005
0.665558
0.992817
0.667102
0.953015
0.671576
1.00453
0.66536
0.960131
0.667064
0.953214
0.671399
0.92276
0.664995
0.960248
0.666438
0.95274
0.673818
0.922713
0.664663
0.928271
0.666622
0.921783
0.671737
0.924669
0.665746
0.928787
0.668184
0.922152
0.671868
0.923006
0.665038
0.896284
0.666706
0.923403
0.684475
0.890265
0.668167
0.895664
0.667413
0.89001
0.6717
0.89089
0.665413
0.864263
0.666492
0.89007
0.672308
0.890313
0.665088
0.864532
0.667181
0.856874
0.672651
0.890855
0.665551
0.864334
0.66721
0.857464
0.67174
0.860002
0.665629
0.83205
0.666498
0.868224
0.672512
0.858609
0.664747
0.832163
0.666681
0.824401
0.670916
0.858891
0.666023
0.832496
0.666883
0.824988
0.671195
0.826816
0.665019
0.831941
0.667046
0.824739
0.671674
0.795844
0.665664
0.831709
0.667192
0.825102
0.672087
0.794884
0.665273
0.800365
0.668205
0.825219
0.671708
0.79456
0.665003
0.799766
0.666926
0.793937
0.674088
0.794762
0.665505
0.800953
0.665991
0.794507
0.671977
0.794787
0.665495
0.671791
0.825957
0.665577
0.801241
0.667053
0.665462
0.832279
0.666147
0.665107
0.832216
0.666665
0.665038
0.831495
0.683527
0.665264
0.799807
0.666697
0.76117
0.672554
0.762503
0.665227
0.767703
0.666734
0.760656
0.672454
0.762883
0.665096
0.672195
0.794613
0.664999
0.671305
0.794691
0.66554
0.671667
0.795421
0.665735
0.671188
0.794815
0.665639
0.671869
0.762599
0.665129
0.678338
0.763586
0.664852
0.768324
0.668591
0.66516
0.767855
0.666981
0.665645
0.767991
0.666356
0.66556
0.767248
0.665986
0.664838
0.767572
0.668878
0.665037
0.736333
0.666461
0.664715
0.767572
0.66614
0.66458
0.767209
0.666308
0.66421
0.671734
0.762452
0.674048
0.671327
0.665851
0.761618
0.671858
0.667081
0.666045
0.76761
0.666436
0.664589
0.671687
0.730187
0.664228
0.672313
0.666709
0.760495
0.671133
0.666232
0.666
0.671529
0.73173
0.664884
0.671652
0.666654
0.728586
0.671212
0.666832
0.664863
0.735513
0.688019
0.664603
0.670758
0.730115
0.66526
0.670519
0.666035
0.664939
0.735899
0.666488
0.665308
0.671836
0.66611
0.664558
0.735444
0.666173
0.664666
0.671074
0.666217
0.664822
0.734831
0.666153
0.664905
0.671117
0.667732
0.664443
0.671363
0.666128
0.729443
0.672988
0.666051
0.664578
0.671277
0.666744
0.664656
0.67118
0.666426
0.664705
0.671455
0.666352
0.66476
0.736545
0.666062
0.669457
0.671956
0.666235
0.664246
0.671009
0.666598
0.664767
0.670915
0.666391
0.664625
0.671668
0.666251
0.664369
0.671059
0.666404
0.66421
0.693806
0.666133
0.66442
0.671781
0.666766
0.664307
0.67161
0.666582
0.664249
0.671291
0.66603
0.664715
0.671745
0.666363
0.665269
0.671508
0.665972
0.664156
0.671121
0.667147
0.664585
0.671335
0.66636
0.664372
0.671349
0.666667
0.664589
0.671114
0.666253
0.664683
0.671758
0.665844
0.666454
0.671461
0.666647
0.664314
0.671203
0.665991
0.664355
0.671291
0.666628
0.666476
0.673308
0.666446
0.664686
0.671601
0.666038
0.66488
0.671418
0.666208
0.664935
0.671406
0.666873
0.664462
0.671381
0.666391
0.664745
0.671134
0.720214
0.659346
0.666638
0.66088
0.659452
0.666579
0.661461
0.659413
0.666295
0.660585
0.658889
0.666101
0.660865
0.65888
0.660829
0.656036
0.653491
0.660524
0.655469
0.653891
0.660263
0.655751
0.653522
0.659901
0.655439
0.654701
0.660254
0.654999
0.654662
0.67271
0.655277
0.654115
0.660309
0.655673
0.653349
0.660349
0.655323
0.653896
0.662531
0.655298
0.653132
0.660517
0.65509
0.65388
0.661021
0.655028
0.653904
0.65992
0.655061
0.653061
0.66114
0.656536
0.654719
0.660281
0.655608
0.653685
0.662582
0.655409
0.673895
0.660165
0.655444
0.654026
0.660009
0.655506
0.653457
0.659953
0.655336
0.654217
0.659873
0.655453
0.653981
0.659881
0.655449
0.654448
0.660839
0.656635
0.654415
0.66041
0.654944
0.653599
0.660837
0.654915
0.653887
0.660321
0.655696
0.654233
0.660815
0.664807
0.653319
0.660225
0.655173
0.653921
0.65996
0.655667
0.654418
0.659934
0.655495
0.655558
0.661072
0.655125
0.653415
0.660028
0.656198
0.653587
0.660194
0.655079
0.653879
0.66027
0.655546
0.654678
0.660127
0.655498
0.653993
0.660915
0.655071
0.653801
0.697621
0.655049
0.654729
0.660433
0.655533
0.653542
0.660869
0.654778
0.655643
0.660856
0.655348
0.654314
0.662125
0.656045
0.655765
0.660492
0.655281
0.653607
0.660226
0.65476
0.653561
0.660341
0.654759
0.653929
0.659805
0.655384
0.655571
0.660366
0.654654
0.65378
0.659731
0.65501
0.655472
0.660871
0.654872
0.653414
0.660226
0.654542
0.653567
0.659843
0.65483
0.653416
0.660034
0.654983
0.654016
0.660289
0.654942
0.653959
0.660035
0.654789
0.653499
0.660464
0.654489
0.654534
0.660843
0.654782
0.65439
0.659358
0.656136
0.653199
0.659834
0.655037
0.653853
0.662265
0.654635
0.653568
0.660501
0.65497
0.653719
0.659928
0.654886
0.654001
0.660149
0.655311
0.653473
0.659939
0.654791
0.654428
0.660217
0.655786
0.654562
0.660011
0.654285
0.653192
0.660154
0.654718
0.653856
0.661759
0.661773
0.654103
0.660595
0.655068
0.653304
0.659859
0.654571
0.653496
0.65951
0.654998
0.654062
0.660357
0.655272
0.654292
0.660928
0.655717
0.653298
0.661919
0.655263
0.652962
0.660521
0.654793
0.653422
0.659691
0.654951
0.653507
0.660707
0.655555
0.653611
0.679847
0.658027
0.654518
0.659999
0.654788
0.653649
0.660323
0.654864
0.653977
0.659559
0.654305
0.65399
0.659568
0.655033
0.653637
0.659815
0.655457
0.653359
0.65991
0.654595
0.653584
0.66008
0.654806
0.65276
0.660373
0.65521
0.65409
0.660667
0.655148
0.670461
0.659529
0.654701
0.653666
0.661226
0.654813
0.653164
0.66005
0.654836
0.653468
0.660744
0.654758
0.653623
0.659235
0.657448
0.653341
0.659668
0.654835
0.653543
0.659606
0.656139
0.653558
0.660948
0.65527
0.653727
0.659774
0.65521
0.654334
0.659972
0.821094
0.653344
0.659746
0.655975
0.654683
0.65984
0.654641
0.653838
0.660006
0.654782
0.653382
0.660074
0.65455
0.653711
0.659775
0.654181
0.65499
0.660304
0.65554
0.653667
0.659853
0.654773
0.654043
0.660294
0.654875
0.653905
0.661116
0.655259
0.653677
0.673587
0.655033
0.653566
0.659864
0.655072
0.653735
0.660177
0.65478
0.65293
0.660115
0.654816
0.653593
0.660314
0.656008
0.653561
0.659607
0.654748
0.653885
0.660353
0.654943
0.65332
0.659953
0.65605
0.653398
0.659707
0.654815
0.653084
0.660219
0.654758
0.665425
0.66146
0.654741
0.653216
0.660199
0.655024
0.653013
0.659886
0.654577
0.653474
0.660046
0.655437
0.653286
0.660037
0.655365
0.653492
0.659593
0.655032
0.653968
0.660039
0.654561
0.653319
0.66176
0.654732
0.653393
0.659881
0.654704
0.653121
0.659783
0.696649
0.653389
0.660247
0.654574
0.653698
0.660132
0.654543
0.656192
0.660289
0.654972
0.653988
0.66075
0.654629
0.652828
0.660013
0.654469
0.653634
0.659538
0.655566
0.653622
0.659484
0.655016
0.652939
0.661529
0.654975
0.654292
0.660081
0.654481
0.65275
0.684011
0.655192
0.654485
0.660615
0.654976
0.654222
0.659995
0.654652
0.652983
0.660372
0.655115
0.653941
0.660414
0.655127
0.653172
0.660448
0.656908
0.654415
0.660496
0.654751
0.65398
0.659983
0.654905
0.653476
0.660428
0.655601
0.653509
0.66015
0.654984
0.662898
0.659984
0.654947
0.65364
0.659809
0.65586
0.654174
0.65932
0.655476
0.653166
0.659677
0.654905
0.653539
0.65988
0.654183
0.653331
0.659643
0.656096
0.653685
0.659613
0.654578
0.653752
0.659915
0.65489
0.65326
0.659601
0.655497
0.65362
0.659941
0.655016
0.653291
0.659997
0.654961
0.663515
0.659807
0.654972
0.652983
0.659811
0.654879
0.653242
0.660052
0.654761
0.653716
0.659819
0.654837
0.652741
0.659926
0.65454
0.654462
0.659643
0.6549
0.654112
0.661057
0.654612
0.653227
0.659958
0.654784
0.6533
0.66061
0.654539
0.65592
0.659488
0.655959
0.653527
0.659266
0.655094
0.653608
0.659886
0.655021
0.653218
0.659826
0.654649
0.653577
0.660767
0.654902
0.653663
0.659985
0.654812
0.653958
0.660069
0.654695
0.653526
0.659908
0.655003
0.654524
0.660424
0.655375
0.653349
0.712472
0.654504
0.652913
0.660248
0.654604
0.653621
0.659335
0.654745
0.653814
0.661121
0.650031
0.647583
0.654242
0.649876
0.650685
0.653955
0.64956
0.647397
0.654522
0.648905
0.647754
0.654452
0.649892
0.648195
0.654851
0.65011
0.647975
0.655429
0.649921
0.647266
0.650386
0.643988
0.643155
0.648428
0.643633
0.642805
0.649552
0.644064
0.642117
0.64838
0.643844
0.642275
0.649546
0.644108
0.642293
0.649022
0.646383
0.643043
0.648881
0.643386
0.642361
0.648833
0.643701
0.643003
0.648985
0.644031
0.642335
0.649146
0.644685
0.643387
0.649343
0.644735
0.643812
0.648584
0.644385
0.643769
0.649146
0.646634
0.642565
0.648821
0.643496
0.641904
0.648528
0.644207
0.642242
0.648666
0.644062
0.642325
0.649001
0.643515
0.642435
0.648916
0.64388
0.644138
0.648745
0.644195
0.642348
0.650064
0.645333
0.642006
0.649037
0.643998
0.642259
0.649505
0.644455
0.642716
0.648528
0.643687
0.642768
0.648612
0.643992
0.642483
0.649041
0.644204
0.642628
0.649097
0.643821
0.642242
0.649022
0.644276
0.642593
0.648305
0.644561
0.642564
0.649044
0.644096
0.642377
0.649191
0.645599
0.642308
0.649855
0.645721
0.642279
0.649146
0.644579
0.64249
0.648664
0.644188
0.642377
0.648663
0.643755
0.642537
0.649378
0.644285
0.642536
0.649014
0.643528
0.643056
0.649382
0.64529
0.642266
0.648982
0.64474
0.642654
0.648504
0.64498
0.642487
0.648901
0.644066
0.642834
0.648939
0.644045
0.642311
0.649236
0.64364
0.643412
0.648858
0.643747
0.643127
0.648507
0.644492
0.642803
0.648875
0.64442
0.642284
0.648692
0.643885
0.642169
0.648943
0.645321
0.642521
0.648863
0.644607
0.642532
0.668716
0.643938
0.642287
0.648779
0.643761
0.641974
0.648623
0.644062
0.642208
0.649075
0.643767
0.642727
0.648509
0.644214
0.643016
0.648719
0.644559
0.642168
0.64892
0.644316
0.642256
0.652361
0.645146
0.642164
0.64853
0.643717
0.642681
0.648689
0.643956
0.657077
0.648413
0.643888
0.642035
0.649656
0.644091
0.642706
0.648483
0.643582
0.642414
0.648978
0.644107
0.642364
0.649152
0.6438
0.642565
0.649245
0.644821
0.64245
0.648638
0.646014
0.64232
0.649964
0.643861
0.642097
0.648979
0.643817
0.642765
0.648846
0.656045
0.643275
0.64866
0.643851
0.642495
0.648683
0.643994
0.642096
0.648858
0.643964
0.642383
0.649046
0.643855
0.642204
0.648949
0.644551
0.642969
0.649614
0.644373
0.642312
0.648873
0.644267
0.642541
0.648997
0.644686
0.642624
0.649065
0.644264
0.64253
0.663298
0.645127
0.64313
0.648828
0.644275
0.642264
0.64882
0.644031
0.643666
0.650362
0.644053
0.642549
0.649247
0.644276
0.642272
0.648914
0.644844
0.642111
0.648934
0.644667
0.642836
0.648843
0.6441
0.642055
0.64862
0.644182
0.642825
0.649825
0.64404
0.642531
0.648493
0.645483
0.642525
0.648866
