0.519625
0.507639
0.50438
0.504385
0.497106
0.504775
0.499232
0.499688
0.497994
0.509902
0.506244
0.500886
0.504791
0.50262
0.509663
0.499403
0.509066
0.500416
0.514674
0.498971
0.50144
0.515384
0.522793
0.504081
0.50365
0.498039
0.504906
0.500408
0.506352
0.499131
0.50478
0.500525
0.519294
0.497322
0.517294
0.515961
0.506597
0.50772
0.511312
0.505465
0.508564
0.497934
0.506495
0.514815
0.501705
0.512858
0.516705
0.49428
0.493151
0.492341
0.497765
0.493329
0.496789
0.487589
0.511197
0.490592
0.496984
0.494714
0.492938
0.486959
0.657835
0.489498
0.504964
0.484909
0.498412
0.50763
0.497129
0.488466
0.501633
0.486553
0.495321
0.486878
0.504725
0.492523
0.49719
0.485658
0.506533
0.502557
0.490279
0.492292
0.497083
0.490694
0.491271
0.494506
0.493086
0.493851
0.501222
0.491592
0.494787
0.487911
0.497067
0.489634
0.49531
0.490755
0.501178
0.504827
0.498978
0.489661
0.490428
0.489568
0.492724
0.48629
0.48553
0.487388
0.492276
0.489721
0.493634
0.48883
0.491786
0.520104
0.49236
0.483142
0.488482
0.486125
0.490528
0.495206
0.489544
0.488188
0.489542
0.487355
0.492553
0.492707
0.491267
0.491661
0.487763
0.493606
0.490588
0.494365
0.48748
0.498049
0.489351
0.496554
0.488365
0.485727
0.489369
0.500761
0.484949
0.493925
0.490339
0.487652
0.491411
0.505575
0.51051
0.493763
0.490175
0.48243
0.489962
0.49333
0.484815
0.487055
0.488523
0.492047
0.490684
0.486976
0.494619
0.491032
0.486823
0.488123
0.498816
0.486743
0.487237
0.498612
0.485918
0.498362
0.512675
0.483706
0.484742
0.490525
0.484927
0.48731
0.488245
0.496051
0.48643
0.497154
0.496632
0.487895
0.494194
0.490897
0.484195
0.489745
0.493286
0.492202
0.485192
0.498182
0.485159
0.490613
0.489354
0.484924
0.488103
0.488454
0.498856
0.489547
0.492162
0.487742
0.493571
0.485189
0.482703
0.484777
0.489606
0.48514
0.487977
0.492532
0.49093
0.487135
0.488049
0.488181
0.49408
0.487188
0.492666
0.488497
0.492376
0.496242
0.486583
0.494222
0.487477
0.497436
0.488659
0.493694
0.485511
0.492225
0.484894
0.49221
0.489537
0.487876
0.484112
0.491047
0.491201
0.486772
0.48694
0.493132
0.49393
0.487454
0.490378
0.490775
0.490589
0.488715
0.49796
0.493226
0.48935
0.497628
0.487863
0.495449
0.488761
0.496958
0.505299
0.486177
0.493126
0.488389
0.501985
0.501996
0.489183
0.50102
0.494687
0.487534
0.48674
0.487278
0.488336
0.485101
0.4894
0.490905
0.487707
0.493407
0.490212
0.497999
0.490889
0.492293
0.490095
0.486494
0.496229
0.485147
0.499865
0.486295
0.487603
0.492934
0.486452
0.494026
0.486476
0.488539
0.489253
0.491622
0.490157
0.489865
0.491338
0.487821
0.491193
0.491336
0.502729
0.496753
0.484924
0.492504
0.495133
0.48548
0.487932
0.490527
0.491747
0.490499
0.489557
0.495433
0.486271
0.48709
0.488361
0.498358
0.486886
0.489676
0.490953
0.488218
0.484469
0.484933
0.495402
0.499101
0.493933
0.486977
0.487371
0.492443
0.48806
0.483222
0.496827
0.490997
0.493388
0.486978
0.498152
0.495043
0.48985
0.486755
0.49291
0.486249
0.493027
0.488097
0.4933
0.488675
0.491856
0.49258
0.495191
0.497205
0.497562
0.487831
0.493351
0.491536
0.49615
0.489367
0.494512
0.495964
0.493523
0.486184
0.48218
0.484929
0.490286
0.485621
0.48767
0.484565
0.484645
0.490522
0.487951
0.4907
0.488108
0.489654
0.491865
0.494007
0.485432
0.493055
0.487814
0.495385
0.487347
0.490849
0.495612
0.48651
0.489349
0.487829
0.494349
0.491697
0.490708
0.487142
0.494844
0.484369
0.491931
0.487734
0.5006
0.488048
0.49076
0.485137
0.48924
0.492269
0.488171
0.488441
0.491164
0.486778
0.498209
0.491219
0.498107
0.490914
0.494999
0.485416
0.495414
0.4868
0.494683
0.503635
0.489535
0.492686
0.488794
0.503017
0.483912
0.491919
0.487883
0.488201
0.490359
0.485855
0.493933
0.4872
0.491114
0.488773
0.485212
0.492034
0.48907
0.490686
0.494073
0.486322
0.486351
0.495686
0.505206
0.507012
0.496545
0.486156
0.488083
0.49541
0.487322
0.486172
0.491296
0.486344
0.498258
0.493697
0.498249
0.488622
0.492857
0.498193
0.487365
0.492
0.496238
0.485771
0.491937
0.496857
0.484185
0.496283
0.483592
0.484371
0.491056
0.489952
0.492102
0.484633
0.491795
0.477409
0.488424
0.482666
0.486421
0.480671
0.479764
0.481114
0.476595
0.479776
0.487319
0.484534
0.475801
0.478271
0.475909
0.481177
0.471189
0.479609
0.473776
0.482762
0.478808
0.478151
0.476022
0.473781
0.474674
0.480745
0.47178
0.474006
0.481608
0.472052
0.472292
0.473318
0.476419
0.477795
0.480939
0.484373
0.476182
0.475797
0.482712
0.47733
0.479459
0.478421
0.488143
0.483244
0.476034
0.474978
0.473694
0.471921
0.496108
0.498163
0.479757
0.476708
0.474166
0.472915
0.496154
0.485533
0.473759
0.47032
0.479103
0.479551
0.47678
0.477827
0.485059
0.475342
0.478148
0.476301
0.477031
0.473546
0.472171
0.475924
0.478657
0.47294
0.470282
0.474619
0.48785
0.480324
0.475638
0.478975
0.476177
0.47536
0.486716
0.48505
0.473332
0.479637
0.47672
0.473952
0.479192
0.475279
0.473402
0.480036
0.475294
0.473582
0.479523
0.475852
0.473912
0.479911
0.474685
0.472817
0.47944
0.474903
0.473197
0.479102
0.475478
0.473732
0.479368
0.475204
0.475292
0.479855
0.474929
0.474221
0.479666
0.476056
0.47363
0.47975
0.47572
0.47398
0.479415
0.476577
0.473352
0.479291
0.475849
0.473404
0.479712
0.475529
0.47396
0.479726
0.47445
0.473658
0.480149
0.475638
0.474116
0.480123
0.476506
0.473536
0.480898
0.475604
0.473959
0.479024
0.474794
0.474402
0.479436
0.475259
0.473294
0.479731
0.475664
0.473717
0.47988
0.47527
0.47347
0.479082
0.474753
0.473841
0.480549
0.475048
0.47333
0.47956
0.47469
0.474074
0.480094
0.475333
0.473737
0.479584
0.475746
0.473666
0.479483
0.475287
0.473369
0.479478
0.475121
0.473545
0.479482
0.474784
0.473331
0.481723
0.474829
0.473327
0.479796
0.474863
0.473871
0.479487
0.476451
0.474129
0.479952
0.47625
0.47376
0.479744
0.475177
0.473543
0.479328
0.474916
0.474532
0.479318
0.474771
0.475772
0.479112
0.475354
0.474428
0.47963
0.475056
0.473727
0.47967
0.474879
0.474456
0.480326
0.474598
0.473793
0.479884
0.475453
0.473447
0.479972
0.474555
0.473708
0.479872
0.475049
0.473984
0.479631
0.476547
0.474144
0.479551
0.474648
0.485189
0.480599
0.475058
0.473148
0.479692
0.474735
0.473046
0.478972
0.475296
0.473989
0.479982
0.475159
0.473604
0.479208
0.475131
0.473257
0.479613
0.475431
0.473252
0.479736
0.47611
0.473913
0.479465
0.474875
0.473456
0.47986
0.47464
0.473812
0.479727
0.476425
0.473809
0.479462
0.474995
0.473408
0.479238
0.475198
0.474272
0.48107
0.475233
0.473677
0.480159
0.474372
0.474059
0.480034
0.474893
0.474072
0.479828
0.474373
0.473732
0.480732
0.475352
0.473689
0.479508
0.474651
0.473374
0.479652
0.474889
0.473631
0.47928
0.47572
0.473845
0.479609
0.47482
0.473698
0.480481
0.474789
0.47342
0.479419
0.475096
0.473302
0.479992
0.475187
0.473701
0.480095
0.47474
0.473736
0.479219
0.474749
0.473958
0.479655
0.475663
0.474237
0.479192
0.475218
0.474006
0.47979
0.474962
0.473503
0.47915
0.474822
0.473415
0.48026
0.476481
0.473633
0.479542
0.475189
0.473866
0.479824
0.474902
0.473828
0.479308
0.47429
0.473295
0.479453
0.477
0.473701
0.479546
0.474814
0.473233
0.479468
0.474389
0.473079
0.479215
0.474739
0.472746
0.479838
0.474663
0.473003
0.479452
0.474336
0.474343
0.479673
0.474874
0.474605
0.479466
0.474742
0.47313
0.479865
0.474555
0.472747
0.480496
0.475104
0.47316
0.47906
0.474566
0.47419
0.479585
0.476074
0.47313
0.479373
0.474807
0.473162
0.479064
0.474554
0.473308
0.479485
0.496309
0.473136
0.478922
0.474655
0.473624
0.478604
0.474379
0.473372
0.479493
0.474696
0.473898
0.479809
0.474459
0.473077
0.479498
0.474348
0.473442
0.479252
0.474632
0.473535
0.47867
0.474583
0.473314
0.479174
0.476101
0.473062
0.47915
0.474463
0.474151
0.480678
0.47431
0.473324
0.479314
0.474605
0.473017
0.47934
0.474892
0.472563
0.479167
0.474702
0.473383
0.480319
0.474351
0.477408
0.479712
0.474606
0.473027
0.47883
0.474746
0.473365
0.479033
0.474626
0.473038
0.479653
0.474642
0.47283
0.479045
0.474821
0.472718
0.479308
0.474583
0.473177
0.479823
0.474988
0.472864
0.479569
0.474522
0.472848
0.47922
0.474384
0.473157
0.47977
0.474745
0.473695
0.47942
0.474156
0.472745
0.478963
0.475108
0.473165
0.479454
0.474748
0.472957
0.479019
0.47489
0.473076
0.479095
0.474406
0.472517
0.47983
0.474194
0.475172
0.479603
0.475034
0.472831
0.479106
0.474395
0.472982
0.479276
0.474683
0.474987
0.480813
0.474871
0.473073
0.479399
0.474225
0.473105
0.479345
0.474563
0.473335
0.479368
0.474979
0.473032
0.479389
0.474673
0.472901
0.479225
0.474462
0.467703
0.474127
0.469371
0.468028
0.474664
0.469654
0.468048
0.474394
0.469112
0.467346
0.473756
0.469176
0.467403
0.468798
0.464351
0.462212
0.468673
0.463502
0.462346
0.468089
0.463991
0.462004
0.46789
0.463822
0.463357
0.468301
0.463411
0.462871
0.468194
0.463681
0.462716
0.468369
0.463859
0.461919
0.46839
0.463494
0.462327
0.470421
0.463519
0.461495
0.468528
0.463426
0.46222
0.468778
0.463319
0.462253
0.467973
0.463577
0.461615
0.468765
0.46464
0.463419
0.468429
0.463767
0.462291
0.47072
0.463761
0.482265
0.468119
0.463632
0.462599
0.467884
0.463825
0.462108
0.467962
0.463656
0.462683
0.467787
0.463659
0.462608
0.467896
0.463818
0.462829
0.46894
0.464289
0.462806
0.467781
0.463189
0.462087
0.468565
0.463177
0.462468
0.468434
0.463749
0.462624
0.468746
0.472928
0.461713
0.468106
0.463544
0.462076
0.468054
0.46377
0.462809
0.467812
0.463896
0.463591
0.46911
0.463545
0.462073
0.468108
0.464152
0.46199
0.468115
0.463393
0.462077
0.468161
0.463848
0.463112
0.468121
0.463943
0.462289
0.468633
0.463427
0.462222
0.505589
0.463352
0.463176
0.468609
0.46348
0.462027
0.468766
0.46319
0.463567
0.468841
0.463638
0.46299
0.469474
0.464391
0.464115
0.468343
0.463666
0.462037
0.46829
0.463151
0.462226
0.468392
0.463157
0.4624
0.468127
0.463847
0.464072
0.468316
0.462957
0.462001
0.467905
0.463379
0.463153
0.468683
0.463269
0.461952
0.468205
0.462811
0.462307
0.468056
0.463083
0.462184
0.468196
0.463367
0.46229
0.468471
0.463478
0.462607
0.468054
0.463123
0.462116
0.468243
0.462958
0.463162
0.46888
0.46296
0.463124
0.467536
0.464447
0.461784
0.467863
0.463401
0.462396
0.47038
0.463111
0.462126
0.468373
0.463351
0.462372
0.467663
0.463135
0.462665
0.468511
0.463566
0.462064
0.467948
0.46322
0.462678
0.468087
0.464141
0.463138
0.467985
0.462877
0.461871
0.468097
0.462962
0.462458
0.468655
0.46337
0.462565
0.468716
0.463569
0.461784
0.467998
0.462858
0.461743
0.4678
0.463301
0.462346
0.468504
0.463617
0.462744
0.468998
0.463976
0.462014
0.469484
0.463222
0.461607
0.4685
0.463103
0.462008
0.467884
0.463308
0.461915
0.468747
0.463287
0.462144
0.467661
0.466416
0.462997
0.46809
0.463134
0.462271
0.468461
0.463023
0.462577
0.467746
0.462817
0.462369
0.467723
0.463435
0.46238
0.468026
0.463979
0.46209
0.467777
0.463124
0.462161
0.468292
0.463296
0.461463
0.468375
0.463327
0.46274
0.468716
0.46361
0.462212
0.467794
0.463211
0.461755
0.469095
0.46314
0.46193
0.467993
0.463167
0.462002
0.468776
0.463045
0.462158
0.467456
0.465818
0.461979
0.467923
0.463187
0.461582
0.467741
0.464603
0.462222
0.468857
0.463597
0.46219
0.467855
0.46346
0.463033
0.468121
0.462897
0.46208
0.467904
0.464234
0.462655
0.467937
0.463121
0.46241
0.468033
0.463083
0.462001
0.467936
0.463081
0.462425
0.467877
0.462681
0.463641
0.468508
0.463678
0.462206
0.467902
0.463118
0.462086
0.468531
0.463347
0.462444
0.469222
0.463801
0.462655
0.46781
0.463395
0.462294
0.468044
0.463397
0.462248
0.468151
0.463316
0.461535
0.468346
0.463337
0.462079
0.468347
0.464552
0.462353
0.467871
0.46316
0.462491
0.468313
0.463442
0.461851
0.468085
0.463506
0.46211
0.467941
0.46334
0.46184
0.468371
0.463226
0.463822
0.469274
0.463117
0.461972
0.468087
0.463333
0.461641
0.468049
0.463099
0.462258
0.468165
0.463667
0.461991
0.468112
0.46387
0.461969
0.467741
0.463382
0.462571
0.468024
0.46314
0.461917
0.469542
0.463102
0.462127
0.468087
0.463152
0.46181
0.467993
0.50519
0.462139
0.468531
0.463026
0.462152
0.468303
0.463099
0.464587
0.468518
0.463196
0.462466
0.468733
0.463215
0.461572
0.468212
0.462832
0.462402
0.467829
0.463898
0.462429
0.467724
0.463556
0.461587
0.469468
0.463297
0.462627
0.468005
0.462893
0.461432
0.492051
0.46371
0.463042
0.468741
0.463213
0.462948
0.46813
0.463153
0.46173
0.468651
0.463618
0.462461
0.468578
0.463645
0.462128
0.468367
0.465074
0.462984
0.468796
0.463092
0.462439
0.468085
0.463237
0.462279
0.468301
0.463973
0.4618
0.468115
0.463304
0.470293
0.468057
0.463497
0.462186
0.467641
0.463837
0.462205
0.467462
0.463593
0.461692
0.467791
0.463537
0.462195
0.467907
0.462751
0.461799
0.467881
0.464344
0.462481
0.467818
0.463118
0.462502
0.467994
0.46331
0.46179
0.467658
0.463547
0.462214
0.468099
0.463532
0.461891
0.468076
0.463353
0.462601
0.467866
0.463459
0.461666
0.46783
0.463338
0.4619
0.468026
0.463311
0.462029
0.467952
0.463089
0.461535
0.468172
0.463032
0.462934
0.467759
0.463388
0.462803
0.468563
0.462949
0.461768
0.468054
0.463218
0.461704
0.468598
0.463018
0.463868
0.467773
0.464296
0.46226
0.467507
0.463574
0.462129
0.467983
0.463299
0.461831
0.467843
0.462988
0.462166
0.468776
0.463267
0.462186
0.468201
0.463048
0.462679
0.467741
0.463077
0.462168
0.468047
0.463366
0.462677
0.468642
0.463831
0.461966
0.468095
0.462834
0.461585
0.46849
0.462971
0.46231
0.467545
0.462998
0.462456
0.469102
0.458408
0.456195
0.46248
0.458294
0.459191
0.462204
0.457951
0.456108
0.462335
0.457463
0.45653
0.462572
0.458438
0.456894
0.463011
0.458287
0.45673
0.463498
0.45824
0.450737
0.458358
0.452356
0.451768
0.456765
0.452207
0.451526
0.457522
0.452674
0.451003
0.456647
0.452231
0.450946
0.457689
0.452532
0.450895
0.457331
0.454454
0.451436
0.456974
0.451855
0.451248
0.457028
0.452215
0.451584
0.457241
0.452557
0.450922
0.457182
0.452539
0.45198
0.457485
0.452848
0.451508
0.456709
0.452747
0.451751
0.457316
0.455102
0.451276
0.45684
0.452146
0.45056
0.456713
0.452591
0.450809
0.456896
0.452496
0.450776
0.45727
0.452055
0.450989
0.45706
0.452359
0.45284
0.45679
0.452721
0.451084
0.457204
0.453625
0.45067
0.457275
0.452534
0.45083
0.457469
0.452895
0.451471
0.456812
0.452004
0.451254
0.456812
0.452505
0.450819
0.456893
0.45271
0.451358
0.457204
0.452227
0.450818
0.457132
0.452681
0.451446
0.456517
0.452883
0.451226
0.457184
0.452502
0.450635
0.45725
0.454049
0.450871
0.457914
0.454118
0.451064
0.457236
0.453035
0.451172
0.456774
0.452373
0.451078
0.456711
0.452266
0.451117
0.457399
0.452775
0.451241
0.457258
0.45191
0.45159
0.457199
0.45286
0.45107
0.456789
0.452947
0.451367
0.4567
0.452987
0.450967
0.457035
0.452564
0.45121
0.457183
0.452381
0.45115
0.457381
0.452289
0.452209
0.456779
0.452205
0.451862
0.456657
0.45261
0.451455
0.457064
0.452872
0.451001
0.456806
0.452366
0.450703
0.457134
0.45367
0.451104
0.456989
0.453172
0.451251
0.477022
0.452346
0.450882
0.456663
0.452094
0.450626
0.456813
0.452395
0.45104
0.457241
0.452112
0.451198
0.456787
0.4527
0.451832
0.456576
0.452825
0.450736
0.457082
0.452835
0.450737
0.458998
0.453355
0.450818
0.456771
0.452174
0.451175
0.456754
0.452478
0.465752
0.456552
0.452252
0.450761
0.457632
0.452481
0.451172
0.45661
0.452158
0.451058
0.457167
0.452336
0.451012
0.457318
0.452168
0.450729
0.457241
0.453231
0.450955
0.456978
0.454041
0.45087
0.457851
0.45239
0.450867
0.45716
0.452176
0.451401
0.456983
0.464678
0.451734
0.456753
0.452392
0.450988
0.456733
0.452319
0.450859
0.45692
0.452408
0.450605
0.457104
0.452269
0.450964
0.457312
0.452739
0.451716
0.457426
0.452887
0.450787
0.457029
0.452635
0.451112
0.457099
0.453126
0.451273
0.45683
0.452816
0.451375
0.457179
0.453429
0.451661
0.456893
0.452665
0.450937
0.456781
0.45242
0.452183
0.4582
0.452499
0.451115
0.457337
0.452669
0.451059
0.456962
0.452015
0.450828
0.457062
0.452948
0.451497
0.456827
0.452537
0.450772
0.456899
0.452563
0.451118
0.457915
0.452263
0.451104
0.456691
0.453772
0.451266
0.45724
