0.240717
0.232345
0.224628
0.217406
0.210592
0.204126
0.197969
0.192089
0.186461
0.181068
0.17589
0.170913
0.166124
0.16151
0.157061
0.152766
0.148616
0.144493
0.14067
0.136761
0.133193
0.129638
0.126589
0.12348
0.120823
0.118146
0.115491
0.112833
0.110212
0.107598
0.105031
0.102479
0.0999815
0.0975042
0.0950864
0.0926911
0.0903587
0.0880496
0.0858056
0.0835846
0.0814299
0.0792971
0.0772312
0.0751858
0.073207
0.0712471
0.0693534
0.0674765
0.0656652
0.0638687
0.0621367
0.0604176
0.0587622
0.0571178
-0.0559196
-0.0552643
-0.0546249
-0.054001
-0.0533921
-0.052798
-0.0522181
-0.0516523
-0.0511
-0.0505611
-0.0500351
-0.0495217
-0.0490207
-0.0485316
-0.0480543
-0.0475884
-0.0471336
-0.0466897
-0.0462563
-0.0458333
-0.0454204
-0.0450172
-0.0446237
-0.0442394
-0.0438643
-0.0434981
-0.0431405
-0.0427913
-0.0424504
-0.0421175
-0.0417924
-0.041475
-0.041165
-0.0408623
-0.0405666
-0.0402778
-0.0399958
-0.0397204
-0.0394513
-0.0391885
-0.0389318
-0.038681
-0.038436
-0.0381967
-0.0379629
-0.0377344
-0.0375112
-0.0372931
-0.03708
-0.0368717
-0.0366682
-0.0364693
-0.0362749
-0.0360849
-0.0358992
-0.0357177
-0.0355402
-0.0353667
-0.0351972
-0.0350314
-0.0348692
-0.0347107
-0.0345557
-0.0344041
-0.0342559
-0.0341109
-0.0339691
-0.0338304
-0.0336947
-0.033562
-0.0334321
-0.033305
-0.0331807
-0.033059
-0.03294
-0.0328234
-0.0327094
-0.0325977
-0.0324885
-0.0323815
-0.0322767
-0.0321741
-0.0320737
-0.0319753
-0.031879
-0.0317846
-0.0316922
-0.0316016
-0.0315129
-0.031426
-0.0313408
-0.0312573
-0.0311754
-0.0310952
-0.0310166
-0.0309395
-0.0308639
-0.0307897
-0.030717
-0.0306457
-0.0305757
-0.0305071
-0.0304397
-0.0303736
-0.0303088
-0.0302451
-0.0301826
-0.0301212
-0.030061
-0.0300018
-0.0299437
-0.0298866
-0.0298306
-0.0297755
-0.0297216
-0.0296687
-0.0296169
-0.029566
-0.0295161
-0.0294671
-0.029419
-0.0293718
-0.0293254
-0.0292799
-0.0292352
-0.0291912
-0.0291482
-0.0291057
-0.0290641
-0.0290232
-0.0289829
-0.0289434
-0.0289046
-0.0288663
-0.0288287
-0.0287917
-0.0287553
-0.0287196
-0.0286843
-0.0286496
-0.0286155
-0.0285818
-0.0285488
-0.0285162
-0.028484
-0.0284524
-0.0284213
-0.0283905
-0.0283602
-0.0283304
-0.0283009
-0.0282719
-0.0282432
-0.0282149
-0.0281871
-0.0281595
-0.0281323
-0.0281059
-0.028081
-0.0280572
-0.0280347
-0.0280133
-0.0279935
-0.0279747
-0.0279573
-0.027941
-0.027926
-0.027912
-0.0278991
-0.0278873
-0.0278767
-0.027867
-0.0278584
-0.0278507
-0.0278437
-0.0278373
-0.0278309
-0.0278243
-0.0278175
-0.0278105
-0.0278033
-0.0277961
-0.0277886
-0.027781
-0.0277731
-0.0277652
-0.0277571
-0.0277489
-0.0277405
-0.027732
-0.0277234
-0.0277146
-0.0277056
-0.0276966
-0.0276874
-0.0276781
-0.0276687
-0.0276592
-0.0276495
-0.0276398
-0.0276298
-0.0276199
-0.0276098
-0.0275996
-0.0275893
-0.0275789
-0.0275684
-0.0275578
-0.0275471
-0.0275363
-0.0275255
-0.0275145
-0.0275034
-0.0274923
-0.027481
-0.0274697
-0.0274583
-0.0274468
-0.0274352
-0.0274236
-0.0274118
-0.0274
-0.0273881
-0.0273762
-0.0273642
-0.0273521
-0.0273398
-0.0273277
-0.0273153
-0.027303
-0.0272905
-0.027278
-0.0272654
-0.0272528
-0.02724
-0.0272273
-0.0272145
-0.0272016
-0.0271887
-0.0271756
-0.0271626
-0.0271494
-0.0271363
-0.027123
-0.0271097
-0.0270963
-0.027083
-0.0270695
-0.027056
-0.0270424
-0.0270288
-0.0270151
-0.0270015
-0.0269876
-0.0269738
-0.02696
-0.0269461
-0.0269321
-0.0269181
-0.026904
-0.0268899
-0.0268758
-0.0268617
-0.0268473
-0.0268331
-0.0268187
-0.0268045
-0.02679
-0.0267756
-0.0267609
-0.0267465
-0.0267319
-0.0267173
-0.0267026
-0.0266879
-0.0266731
-0.0266584
-0.0266435
-0.0266287
-0.0266137
-0.0265988
-0.0265838
-0.0265688
-0.0265537
-0.0265385
-0.0265234
-0.0265082
-0.0264931
-0.0264777
-0.0264625
-0.026447
-0.0264318
-0.0264163
-0.026401
-0.0263854
-0.0263699
-0.0263543
-0.0263388
-0.0263231
-0.0263076
-0.0262917
-0.0262761
-0.0262603
-0.0262446
-0.0262287
-0.0262129
-0.0261968
-0.026181
-0.026165
-0.0261491
-0.0261329
-0.0261169
-0.0261007
-0.0260847
-0.0260685
-0.0260524
-0.026036
-0.0260198
-0.0260034
-0.0259872
-0.0259707
-0.0259545
-0.0259379
-0.0259215
-0.0259049
-0.0258885
-0.0258718
-0.0258554
-0.0258386
-0.025822
-0.0258052
-0.0257887
-0.0257718
-0.0257551
-0.0257382
-0.0257214
-0.0257044
-0.0256877
-0.0256706
-0.0256538
-0.0256366
-0.0256197
-0.0256026
-0.0255856
-0.0255684
-0.0255513
-0.0255342
-0.025517
-0.0254998
-0.0254826
-0.0254653
-0.025448
-0.0254307
-0.0254134
-0.025396
-0.0253786
-0.0253611
-0.0253436
-0.0253262
-0.0253087
-0.0252911
-0.0252735
-0.0252558
-0.0252382
-0.0252205
-0.0252029
-0.0251851
-0.0251674
-0.0251495
-0.0251317
-0.0251138
-0.025096
-0.0250781
-0.0250602
-0.0250422
-0.0250241
-0.0250061
-0.0249881
-0.0249701
-0.0249519
-0.0249338
-0.0249156
-0.0248973
-0.0248792
-0.024861
-0.0248427
-0.0248244
-0.024806
-0.0247876
-0.0247692
-0.0247508
-0.0247324
-0.024714
-0.0246954
-0.0246769
-0.0246583
-0.0246397
-0.0246211
-0.0246025
-0.0245839
-0.0245651
-0.0245464
-0.0245276
-0.0245088
-0.0244901
-0.0244713
-0.0244524
-0.0244335
-0.0244145
-0.0243955
-0.0243766
-0.0243577
-0.0243387
-0.0243196
-0.0243005
-0.0242814
-0.0242622
-0.0242431
-0.0242239
-0.0242048
-0.0241855
-0.0241663
-0.0241469
-0.0241276
-0.0241082
-0.0240889
-0.0240696
-0.0240502
-0.0240307
-0.0240112
-0.0239917
-0.0239721
-0.0239526
-0.0239331
-0.0239135
-0.0238939
-0.0238742
-0.0238545
-0.0238347
-0.023815
-0.0237953
-0.0237756
-0.0237558
-0.023736
-0.0237161
-0.0236962
-0.0236762
-0.0236563
-0.0236364
-0.0236164
-0.0235964
-0.0235764
-0.0235563
-0.0235362
-0.023516
-0.0234959
-0.0234758
-0.0234557
-0.0234355
-0.0234153
-0.023395
-0.0233747
-0.0233543
-0.023334
-0.0233137
-0.0232934
-0.023273
-0.0232526
-0.0232321
-0.0232116
-0.0231911
-0.0231705
-0.0231499
-0.0231294
-0.0231089
-0.0230883
-0.0230677
-0.023047
-0.0230263
-0.0230055
-0.0229847
-0.022964
-0.0229433
-0.0229225
-0.0229017
-0.0228809
-0.02286
-0.0228391
-0.0228181
-0.0227971
-0.0227761
-0.0227551
-0.0227342
-0.0227132
-0.0226922
-0.0226711
-0.02265
-0.0226288
-0.0226076
-0.0225863
-0.0225651
-0.022544
-0.0225228
-0.0225016
-0.0224803
-0.022459
-0.0224377
-0.0224163
-0.0223949
-0.0223734
-0.0223519
-0.0223305
-0.0223091
-0.0222877
-0.0222662
-0.0222447
-0.0222232
-0.0222015
-0.0221799
-0.0221582
-0.0221365
-0.0221148
-0.0220932
-0.0220716
-0.0220499
-0.0220282
-0.0220064
-0.0219846
-0.0219628
-0.0219409
-0.0219284
-0.0218971
-0.0219
-0.0218651
-0.0218714
-0.0218365
-0.0218426
-0.0218076
-0.0218134
-0.0217785
-0.021784
-0.0217491
-0.0217544
-0.0217194
-0.0217245
-0.0216895
-0.0216943
-0.0216593
-0.0216639
-0.0216289
-0.0216333
-0.0215982
-0.0216019
-0.021567
-0.02155
-0.0215355
-0.0215396
-0.0215054
-0.0215124
-0.0214765
-0.0214821
-0.0214454
-0.02145
-0.0214128
-0.0214167
-0.0213793
-0.0213779
-0.0213431
-0.0213258
-0.0213099
-0.0212948
-0.0212796
-0.0212644
-0.0212492
-0.0212499
-0.0212163
-0.0212199
-0.0211843
-0.0211881
-0.0211514
-0.0211541
-0.0211168
-0.0211188
-0.0210812
-0.0210824
-0.0210448
-0.0210257
-0.0210078
-0.0209902
-0.0209736
-0.0209574
-0.0209411
-0.0209248
-0.020924
-0.0208901
-0.0208885
-0.0208541
-0.0208554
-0.020819
-0.0208202
-0.020783
-0.0207832
-0.0207462
-0.0207452
-0.020709
-0.0207029
-0.0206718
-0.0206527
-0.0206467
-0.020616
-0.0206102
-0.0205791
-0.0205724
-0.0205418
-0.0205341
-0.0205041
-0.0204955
-0.0204659
-0.0204568
-0.0204275
-0.0204178
-0.0203889
-0.0203785
-0.0203499
-0.0203393
-0.0203108
-0.0202908
-0.020271
-0.0202514
-0.0202447
-0.0202133
-0.0202051
-0.0201744
-0.0201661
-0.0201347
-0.0201256
-0.0200943
-0.0200838
-0.0200543
-0.0200404
-0.0200139
-0.0199929
-0.0199719
-0.0199511
-0.0199303
-0.0199218
-0.0198906
-0.0198704
-0.0198503
-0.0198428
-0.0198109
-0.0198016
-0.0197707
-0.0197595
-0.0197295
-0.0197174
-0.0196886
-0.019674
-0.0196472
-0.0196311
-0.0196052
-0.0195835
-0.0195617
-0.01954
-0.0195184
-0.019497
-0.0194756
-0.0194653
-0.0194343
-0.019413
-0.0193919
-0.0193822
-0.0193507
-0.0193385
-0.0193092
-0.0192947
-0.0192672
-0.0192512
-0.0192246
-0.0192069
-0.0191814
-0.0191623
-0.0191377
-0.0191151
-0.0190926
-0.0190701
-0.0190477
-0.0190304
-0.0190044
-0.0189869
-0.0189611
-0.0189432
-0.0189176
-0.0188991
-0.0188737
-0.0188544
-0.0188296
-0.0188094
-0.0187851
-0.0187642
-0.0187403
-0.0187187
-0.0186952
-0.0186732
-0.0186498
-0.0186277
-0.0186042
-0.0185821
-0.0185585
-0.0185362
-0.0185125
-0.0184902
-0.0184664
-0.0184439
-0.0184201
-0.0183976
-0.0183736
-0.0183511
-0.018327
-0.0183044
-0.0182803
-0.0182576
-0.0182335
-0.0182107
-0.0181865
-0.0181636
-0.0181394
-0.0181165
-0.0180922
-0.0180692
-0.0180449
-0.0180218
-0.0179974
-0.0179744
-0.0179499
-0.0179268
-0.0179023
-0.0178792
-0.0178547
-0.0178315
-0.0178069
-0.0177837
-0.017759
-0.0177358
-0.0177111
-0.0176878
-0.0176631
-0.0176398
-0.017615
-0.0175916
-0.0175669
-0.0175435
-0.0175187
-0.0174952
-0.0174704
-0.0174469
-0.017422
-0.0173985
-0.0173736
-0.0173501
-0.0173251
-0.0173015
-0.0172766
-0.017253
-0.017228
-0.0172043
-0.0171793
-0.0171556
-0.0171306
-0.0171069
-0.0170818
-0.0170581
-0.017033
-0.0170092
-0.0169841
-0.0169603
-0.0169352
-0.0169113
-0.0168862
-0.0168623
-0.0168371
-0.0168133
-0.0167881
-0.0167641
-0.0167389
-0.016715
-0.0166897
-0.0166658
-0.0166405
-0.0166165
-0.0165913
-0.0165673
-0.0165419
-0.0165179
-0.0164926
-0.0164685
-0.0164432
-0.0164191
-0.0163938
-0.0163697
-0.0163443
-0.0163202
-0.0162948
-0.0162707
-0.0162453
-0.0162211
-0.0161957
-0.0161716
-0.0161461
-0.0161219
-0.0160965
-0.0160723
-0.0160468
-0.0160226
-0.0159971
-0.0159729
-0.0159474
-0.015922
-0.0158966
-0.0158714
-0.0158463
-0.0158226
-0.0157976
-0.015774
-0.015749
-0.0157253
-0.0157003
-0.0156764
-0.0156511
-0.015627
-0.0156015
-0.0155772
-0.0155516
-0.0155271
-0.0155013
-0.0154754
-0.0154497
-0.015424
-0.0153984
-0.0153731
-0.0153478
-0.0153228
-0.0152979
-0.0152732
-0.0152486
-0.0152242
-0.0151999
-0.0151768
-0.0151525
-0.0151294
-0.0151049
-0.0150815
-0.0150568
-0.0150331
-0.015008
-0.014984
-0.0149586
-0.0149343
-0.0149087
-0.0148842
-0.0148584
-0.0148337
-0.0148078
-0.0147819
-0.0147561
-0.0147304
-0.0147049
-0.0146795
-0.0146543
-0.0146293
-0.0146045
-0.0145797
-0.0145551
-0.0145307
-0.0145075
-0.0144831
-0.0144599
-0.0144354
-0.014412
-0.0143872
-0.0143636
-0.0143386
-0.0143146
-0.0142893
-0.0142651
-0.0142396
-0.0142151
-0.0141893
-0.0141646
-0.0141387
-0.0141139
-0.0140879
-0.014062
-0.0140362
-0.0140105
-0.0139861
-0.0139607
-0.0139365
-0.0139112
-0.0138871
-0.0138618
-0.0138376
-0.0138123
-0.0137881
-0.0137627
-0.0137384
-0.013713
-0.0136886
-0.0136631
-0.0136388
-0.0136132
-0.0135888
-0.0135632
-0.0135388
-0.0135132
-0.0134888
-0.0134632
-0.0134387
-0.0134131
-0.0133887
-0.0133631
-0.0133386
-0.0133131
-0.0132886
-0.0132631
-0.0132386
-0.0132131
-0.0131887
-0.0131632
-0.0131388
-0.0131133
-0.0130889
-0.0130634
-0.0130391
-0.0130136
-0.0129893
-0.0129639
-0.0129396
-0.0129142
-0.0128899
-0.0128646
-0.0128403
-0.012815
-0.0127908
-0.0127655
-0.0127413
-0.012716
-0.0126919
-0.0126666
-0.0126425
-0.0126173
-0.0125932
-0.0125681
-0.012544
-0.0125189
-0.0124949
-0.0124698
-0.0124458
-0.0124207
-0.0123968
-0.0123718
-0.0123478
-0.0123229
-0.012299
-0.012274
-0.0122502
-0.0122253
-0.0122015
-0.0121766
-0.0121528
-0.012128
-0.0121042
-0.0120794
-0.0120557
-0.012031
-0.0120073
-0.0119826
-0.0119589
-0.0119343
-0.0119107
-0.011886
-0.0118625
-0.0118379
-0.0118144
-0.0117898
-0.0117663
-0.0117418
-0.0117184
-0.0116939
-0.0116705
-0.011646
-0.0116227
-0.0115983
-0.011575
-0.0115506
-0.0115274
-0.0115031
-0.0114798
-0.0114556
-0.0114324
-0.0114081
-0.011385
-0.0113608
-0.0113377
-0.0113136
-0.0112905
-0.0112664
-0.0112434
-0.0112194
-0.0111964
-0.0111724
-0.0111494
-0.0111255
-0.0111026
-0.0110787
-0.0110558
-0.011032
-0.0110092
-0.0109854
-0.0109626
-0.0109388
-0.0109161
-0.0108924
-0.0108697
-0.0108461
-0.0108235
-0.0107998
-0.0107773
-0.0107537
-0.0107312
-0.0107077
-0.0106843
-0.010661
-0.0106378
-0.0106149
-0.010592
-0.0105694
-0.0105478
-0.0105253
-0.0105039
-0.0104814
-0.0104598
-0.0104372
-0.0104154
-0.0103926
-0.0103707
-0.0103477
-0.0103256
-0.0103024
-0.0102802
-0.0102569
-0.0102346
-0.0102113
-0.0101889
-0.0101655
-0.0101431
-0.0101197
-0.0100973
-0.0100741
-0.0100509
-0.0100279
-0.0100051
-0.00998248
-0.00996009
-0.0099379
-0.00991591
-0.0098941
-0.00987246
-0.00985097
-0.00982962
-0.0098084
-0.00978729
-0.00976628
-0.00974536
-0.00972452
-0.00970465
-0.00968382
-0.00966387
-0.0096429
-0.00962273
-0.00960151
-0.00958107
-0.00955957
-0.00953885
-0.00951709
-0.00949615
-0.00947418
-0.00945304
-0.00943092
-0.00940965
-0.00938742
-0.00936607
-0.00934377
-0.00932237
-0.00930005
-0.00927863
-0.0092563
-0.00923489
-0.0092126
-0.00919038
-0.00916827
-0.00914632
-0.00912455
-0.00910297
-0.0090816
-0.00906042
-0.00903944
-0.00901864
-0.008998
-0.00897753
-0.00895719
-0.00893699
-0.00891689
-0.00889691
-0.00887786
-0.00885796
-0.00883893
-0.008819
-0.00879989
-0.00877985
-0.0087606
-0.00874042
-0.00872102
-0.0087007
-0.00868118
-0.00866074
-0.00864111
-0.00862059
-0.00860089
-0.00858031
-0.00856054
-0.00853988
-0.00852003
-0.00849928
-0.00847935
-0.00845853
-0.00843853
-0.00841765
-0.0083976
-0.00837668
-0.00835661
-0.00833568
-0.0083156
-0.00829468
-0.00827463
-0.00825378
-0.00823304
-0.00821243
-0.00819199
-0.00817174
-0.00815167
-0.0081326
-0.00811281
-0.00809396
-0.00807434
-0.00805558
-0.00803602
-0.0080173
-0.00799775
-0.00797901
-0.00795946
-0.00794071
-0.00792114
-0.00790238
-0.00788281
-0.00786405
-0.0078445
-0.00782576
-0.00780623
-0.00778752
-0.00776802
-0.00774935
-0.0077299
-0.00771127
-0.00769187
-0.00767329
-0.00765394
-0.00763542
-0.00761613
-0.00759766
-0.00757843
-0.00756002
-0.00754086
-0.00752251
-0.00750341
-0.00748512
-0.00746609
-0.00744786
-0.0074289
-0.00741074
-0.00739183
-0.00737374
-0.00735491
-0.00733688
-0.00731811
-0.00730015
-0.00728145
-0.00726355
-0.00724493
-0.0072271
-0.00720854
-0.00719077
-0.00717228
-0.00715459
-0.00713617
-0.00711854
-0.00710019
-0.00708263
-0.00706435
-0.00704685
-0.00702864
-0.00701121
-0.00699308
-0.00697571
-0.00695765
-0.00694035
-0.00692235
-0.00690513
-0.0068872
-0.00687004
-0.00685218
-0.00683509
-0.0068173
-0.00680028
-0.00678256
-0.0067656
-0.00674795
-0.00673106
-0.00671348
-0.00669666
-0.00667915
-0.00666239
-0.00664495
-0.00662826
-0.00661089
-0.00659426
-0.00657696
-0.0065604
-0.00654317
-0.00652668
-0.00650952
-0.00649309
-0.006476
-0.00645964
-0.00644261
-0.00642632
-0.00640936
-0.00639313
-0.00637624
-0.00636008
-0.00634326
-0.00632717
-0.00631041
-0.00629438
-0.0062777
-0.00626173
-0.00624512
-0.00622922
-0.00621267
-0.00619684
-0.00618036
-0.00616459
-0.00614818
-0.00613247
-0.00611613
-0.00610049
-0.00608421
-0.00606863
-0.00605242
-0.00603691
-0.00602077
-0.00600532
-0.00598925
-0.00597387
-0.00595786
-0.00594254
-0.0059266
-0.00591135
-0.00589547
-0.00588028
-0.00586448
-0.00584935
-0.00583361
-0.00581855
-0.00580287
-0.00578787
-0.00577226
-0.00575733
-0.00574179
-0.00572691
-0.00571144
-0.00569663
-0.00568122
-0.00566647
-0.00565113
-0.00563644
-0.00562116
-0.00560654
-0.00559133
-0.00557677
-0.00556162
-0.00554712
-0.00553204
-0.00551761
-0.00550259
-0.00548822
-0.00547326
-0.00545895
-0.00544406
-0.00542982
-0.00541499
-0.00540081
-0.00538605
-0.00537192
-0.00535723
-0.00534317
-0.00532853
-0.00531453
-0.00529997
-0.00528603
-0.00527152
-0.00525765
-0.00524321
-0.00522939
-0.00521501
-0.00520126
-0.00518694
-0.00517325
-0.005159
-0.00514536
-0.00513118
-0.0051176
-0.00510348
-0.00508997
-0.00507591
-0.00506245
-0.00504846
-0.00503506
-0.00502113
-0.0050078
-0.00499392
-0.00498065
-0.00496686
-0.00495314
-0.00493951
-0.00492599
-0.00491257
-0.00489928
-0.0048861
-0.00487303
-0.00486007
-0.00484721
-0.00483445
-0.00482177
-0.00480918
-0.00479717
-0.00478465
-0.00477267
-0.00476013
-0.00474807
-0.00473542
-0.00472323
-0.00471044
-0.00469811
-0.00468518
-0.00467272
-0.00465968
-0.00464712
-0.00463399
-0.00462136
-0.00460818
-0.00459551
-0.00458231
-0.00456963
-0.00455642
-0.00454374
-0.00453054
-0.00451789
-0.00450472
-0.00449209
-0.00447897
-0.00446638
-0.0044533
-0.00444076
-0.00442774
-0.00441525
-0.00440228
-0.00438986
-0.00437695
-0.00436459
-0.00435174
-0.00433944
-0.00432667
-0.00431444
-0.00430173
-0.00428957
-0.00427693
-0.00426484
-0.00425228
-0.00424025
-0.00422776
-0.00421582
-0.00420344
-0.00419117
-0.00417901
-0.00416699
-0.0041551
-0.00414335
-0.00413174
-0.00412026
-0.00410889
-0.00409765
-0.0040865
-0.00407545
-0.00406449
-0.00405361
-0.00404279
-0.00403205
-0.00402136
-0.00401072
-0.00400014
-0.0039896
-0.00397911
-0.00396865
-0.00395823
-0.00394785
-0.00393749
-0.00392717
-0.00391688
-0.00390662
-0.00389638
-0.00388617
-0.00387598
-0.00386582
-0.00385568
-0.00384557
-0.00383547
-0.0038254
-0.00381535
-0.00380532
-0.00379531
-0.00378532
-0.00377535
-0.0037654
-0.00375546
-0.00374555
-0.00373606
-0.00372611
-0.00371655
-0.0037065
-0.0036968
-0.0036866
-0.00367675
-0.0036664
-0.0036564
-0.00364591
-0.00363579
-0.00362519
-0.00361497
-0.0036043
-0.00359402
-0.0035833
-0.00357298
-0.00356224
-0.0035519
-0.00354115
-0.00353082
-0.00352007
-0.00350975
-0.00349903
-0.00348873
-0.00347804
-0.00346778
-0.00345713
-0.00344691
-0.0034363
-0.00342612
-0.00341557
-0.00340544
-0.00339494
-0.00338486
-0.00337442
-0.0033644
-0.00335401
-0.00334405
-0.00333373
-0.00332383
-0.00331356
-0.00330373
-0.00329353
-0.00328375
-0.00327362
-0.00326391
-0.00325384
-0.00324419
-0.00323418
-0.0032246
-0.00321466
-0.00320514
-0.00319527
-0.00318582
-0.00317601
-0.00316662
-0.00315688
-0.00314755
-0.00313787
-0.00312861
-0.003119
-0.0031098
-0.00310027
-0.00309079
-0.00308162
-0.00307257
-0.00306356
-0.00305458
-0.00304564
-0.00303675
-0.00302789
-0.00301907
-0.0030103
-0.00300156
-0.00299294
-0.00298458
-0.00297628
-0.00296804
-0.00295985
-0.00295171
-0.00294361
-0.00293556
-0.00292754
-0.00291955
-0.0029116
-0.00290368
-0.00289579
-0.00288792
-0.00288008
-0.00287227
-0.00286447
-0.0028567
-0.00284895
-0.00284123
-0.00283352
-0.00282583
-0.00281848
-0.00281079
-0.00280342
-0.00279569
-0.00278826
-0.00278046
-0.00277296
-0.00276509
-0.00275752
-0.00274959
-0.00274195
-0.00273397
-0.0027263
-0.00271828
-0.00271058
-0.00270254
-0.00269482
-0.00268678
-0.00267906
-0.00267102
-0.00266331
-0.00265528
-0.00264758
-0.00263957
-0.0026319
-0.00262391
-0.00261626
-0.0026083
-0.00260068
-0.00259275
-0.00258516
-0.00257727
-0.0025697
-0.00256185
-0.00255432
-0.00254651
-0.00253902
-0.00253124
-0.00252379
-0.00251605
-0.00250863
-0.00250093
-0.00249356
-0.0024859
-0.00247857
-0.00247096
-0.00246366
-0.00245609
-0.00244884
-0.00244131
-0.0024341
-0.00242661
-0.00241944
-0.002412
-0.00240487
-0.00239747
-0.00239038
-0.00238302
-0.00237598
-0.00236866
-0.00236166
-0.00235439
-0.00234743
-0.0023402
-0.00233328
-0.00232609
-0.00231921
-0.00231207
-0.00230523
-0.00229813
-0.00229133
-0.00228427
-0.00227751
-0.0022705
-0.00226378
-0.0022568
-0.00225013
-0.00224319
-0.00223656
-0.00222966
-0.00222307
-0.00221621
-0.00220966
-0.00220285
-0.00219633
-0.00218956
-0.00218308
-0.00217635
-0.0021699
-0.00216321
-0.00215681
-0.00215016
-0.0021438
-0.00213718
-0.00213086
-0.00212429
-0.002118
-0.00211146
-0.00210521
-0.00209872
-0.0020925
-0.00208605
-0.00207987
-0.00207345
-0.00206731
-0.00206093
-0.00205483
-0.00204849
-0.00204242
-0.00203611
-0.00203006
-0.00202377
-0.00201773
-0.00201145
-0.00200543
-0.00199917
-0.00199316
-0.00198691
-0.00198092
-0.00197469
-0.00196872
-0.00196251
-0.00195656
-0.00195038
-0.00194445
-0.0019383
-0.00193241
-0.00192631
-0.00192025
-0.00191425
-0.00190831
-0.00190244
-0.00189663
-0.00189112
-0.00188542
-0.00188
-0.00187437
-0.00186899
-0.00186339
-0.00185803
-0.00185245
-0.0018471
-0.00184152
-0.00183618
-0.00183061
-0.00182527
-0.00181971
-0.00181439
-0.00180884
-0.00180353
-0.001798
-0.0017927
-0.00178719
-0.00178192
-0.00177643
-0.00177118
-0.00176571
-0.00176049
-0.00175505
-0.00174985
-0.00174444
-0.00173927
-0.00173389
-0.00172874
-0.00172339
-0.00171827
-0.00171294
-0.00170785
-0.00170256
-0.00169749
-0.00169223
-0.0016872
-0.00168196
-0.00167695
-0.00167175
-0.00166677
-0.0016616
-0.00165664
-0.0016515
-0.00164658
-0.00164146
-0.00163656
-0.00163148
-0.00162661
-0.00162156
-0.00161672
-0.00161169
-0.00160688
-0.00160188
-0.0015971
-0.00159213
-0.00158737
-0.00158243
-0.00157771
-0.0015728
-0.0015681
-0.00156321
-0.00155854
-0.00155369
-0.00154904
-0.00154422
-0.0015396
-0.0015348
-0.00153021
-0.00152544
-0.00152088
-0.00151614
-0.0015116
-0.00150689
-0.00150238
-0.00149769
-0.00149321
-0.00148855
-0.0014841
-0.00147947
-0.00147504
-0.00147043
-0.00146603
-0.00146145
-0.00145707
-0.00145252
-0.00144817
-0.00144365
-0.00143932
-0.00143483
-0.00143053
-0.00142606
-0.00142178
-0.00141734
-0.00141309
-0.00140867
-0.00140445
-0.00140005
-0.00139585
-0.00139149
-0.00138731
-0.00138298
-0.00137882
-0.00137451
-0.00137039
-0.0013661
-0.001362
-0.00135773
-0.00135366
-0.00134942
-0.00134537
-0.00134115
-0.00133712
-0.00133294
-0.00132893
-0.00132477
-0.00132079
-0.00131665
-0.00131269
-0.00130858
-0.00130465
-0.00130056
-0.00129665
-0.00129258
-0.00128869
-0.00128465
-0.00128079
-0.00127677
-0.00127293
-0.00126894
-0.00126512
-0.00126115
-0.00125735
-0.00125341
-0.00124963
-0.00124571
-0.00124196
-0.00123806
-0.00123433
-0.00123045
-0.00122675
-0.0012229
-0.00121921
-0.00121538
-0.00121172
-0.00120791
-0.00120427
-0.00120049
-0.00119687
-0.00119311
-0.00118951
-0.00118577
-0.00118219
-0.00117848
-0.00117492
-0.00117123
-0.00116769
-0.00116402
-0.00116051
-0.00115686
-0.00115336
-0.00114973
-0.00114626
-0.00114266
-0.0011392
-0.00113562
-0.00113219
-0.00112862
-0.00112521
-0.00112167
-0.00111828
-0.00111476
-0.00111139
-0.00110789
-0.00110454
-0.00110106
-0.00109773
-0.00109427
-0.00109096
-0.00108752
-0.00108423
-0.00108081
-0.00107754
-0.00107414
-0.00107089
-0.00106751
-0.00106428
-0.00106093
-0.00105771
-0.00105438
-0.00105118
-0.00104787
-0.00104469
-0.00104139
-0.00103824
-0.00103496
-0.00103183
-0.00102857
-0.00102545
-0.00102221
-0.00101911
-0.00101589
-0.00101281
-0.00100961
-0.00100655
-0.00100337
-0.00100033
-0.000997165
-0.00099414
-0.000990998
-0.000987991
-0.000984867
-0.000981879
-0.000978773
-0.000975803
-0.000972716
-0.000969763
-0.000966694
-0.000963759
-0.000960709
-0.000957792
-0.00095476
-0.00095186
-0.000948847
-0.000945964
-0.000942969
-0.000940104
-0.000937126
-0.000934278
-0.000931319
-0.000928488
-0.000925547
-0.000922733
-0.000919809
-0.000917012
-0.000914106
-0.000911326
-0.000908437
-0.000905674
-0.000902803
-0.000900056
-0.000897202
-0.000894472
-0.000891636
-0.000888923
-0.000886103
-0.000883406
-0.000880604
-0.000877923
-0.000875138
-0.000872473
-0.000869704
-0.000867056
-0.000864304
-0.000861671
-0.000858936
-0.000856319
-0.0008536
-0.000850999
-0.000848296
-0.00084571
-0.000843024
-0.000840454
-0.000837784
-0.00083523
-0.000832575
-0.000830037
-0.000827398
-0.000824875
-0.000822253
-0.000819745
-0.000817139
-0.000814647
-0.000812057
-0.000809579
-0.000807005
-0.000804543
-0.000801984
-0.000799536
-0.000796993
-0.00079456
-0.000792032
-0.000789613
-0.0007871
-0.000784696
-0.000782198
-0.000779809
-0.000777327
-0.000774952
-0.000772485
-0.000770125
-0.000767673
-0.000765327
-0.00076289
-0.000760558
-0.000758136
-0.000755818
-0.000753411
-0.000751107
-0.000748714
-0.000746425
-0.000744046
-0.000741771
-0.000739406
-0.000737145
-0.000734795
-0.000732547
-0.000730211
-0.000727977
-0.000725655
-0.000723435
-0.000721128
-0.000718921
-0.000716628
-0.000714434
-0.000712155
-0.000709975
-0.000707709
-0.000705542
-0.000703291
-0.000701137
-0.0006989
-0.000696759
-0.000694535
-0.000692407
-0.000690196
-0.000688082
-0.000685885
-0.000683783
-0.000681599
-0.00067951
-0.00067734
-0.000675264
-0.000673107
-0.000671044
-0.0006689
-0.00066685
-0.000664719
-0.00066268
-0.000660562
-0.000658536
-0.000656432
-0.000654418
-0.000652326
-0.000650325
-0.000648246
-0.000646257
-0.000644191
-0.000642214
-0.00064016
-0.000638196
-0.000636155
-0.000634203
-0.000632174
-0.000630234
-0.000628217
-0.000626289
-0.000624285
-0.000622368
-0.000620376
-0.000618471
-0.000616492
-0.000614599
-0.000612631
-0.00061075
-0.000608794
-0.000606924
-0.000604981
-0.000603122
-0.00060119
-0.000599343
-0.000597423
-0.000595587
-0.000593679
-0.000591855
-0.000589959
-0.000588145
-0.00058626
-0.000584457
-0.000582585
-0.000580793
-0.000578932
-0.000577152
-0.000575302
-0.000573532
-0.000571694
-0.000569935
-0.000568108
-0.00056636
-0.000564544
-0.000562807
-0.000561002
-0.000559276
-0.000557483
-0.000555767
-0.000553984
-0.000552279
-0.000550508
-0.000548813
-0.000547053
-0.000545369
-0.000543619
-0.000541946
-0.000540207
-0.000538543
-0.000536815
-0.000535161
-0.000533443
-0.0005318
-0.000530093
-0.00052846
-0.000526764
-0.00052514
-0.000523454
-0.000521841
-0.000520166
-0.000518563
-0.000516898
-0.000515305
-0.00051365
-0.000512067
-0.000510422
-0.000508849
-0.000507214
-0.00050565
-0.000504026
-0.000502473
-0.000500858
-0.000499314
-0.000497709
-0.000496174
-0.00049458
-0.000493054
-0.000491469
-0.000489953
-0.000488378
-0.000486872
-0.000485307
-0.00048381
-0.000482254
-0.000480766
-0.00047922
-0.000477741
-0.000476204
-0.000474734
-0.000473207
-0.000471747
-0.000470229
-0.000468777
-0.000467269
-0.000465826
-0.000464328
-0.000462894
-0.000461405
-0.000459981
-0.000458501
-0.000457085
-0.000455614
-0.000454207
-0.000452745
-0.000451346
-0.000449893
-0.000448503
-0.000447059
-0.000445678
-0.000444243
-0.00044287
-0.000441444
-0.000440079
-0.000438662
-0.000437307
-0.000435899
-0.000434552
-0.000433152
-0.000431814
-0.000430423
-0.000429092
-0.00042771
-0.000426388
-0.000425015
-0.000423701
-0.000422336
-0.000421031
-0.000419674
-0.000418377
-0.000417029
-0.000415739
-0.0004144
-0.000413118
-0.000411787
-0.000410513
-0.00040919
-0.000407924
-0.00040661
-0.000405352
-0.000404045
-0.000402795
-0.000401496
-0.000400254
-0.000398963
-0.000397729
-0.000396447
-0.00039522
-0.000393945
-0.000392726
-0.000391459
-0.000390248
-0.000388989
-0.000387785
-0.000386534
-0.000385337
-0.000384094
-0.000382905
-0.00038167
-0.000380488
-0.00037926
-0.000378086
-0.000376866
-0.000375699
-0.000374486
-0.000373326
-0.000372122
-0.000370969
-0.000369772
-0.000368627
-0.000367437
-0.000366298
-0.000365116
-0.000363985
-0.00036281
-0.000361686
-0.000360519
-0.000359402
-0.000358241
-0.000357131
-0.000355978
-0.000354875
-0.000353729
-0.000352633
-0.000351494
-0.000350405
-0.000349273
-0.00034819
-0.000347065
-0.000345989
-0.000344871
-0.000343801
-0.000342691
-0.000341628
-0.000340524
-0.000339468
-0.000338371
-0.000337321
-0.00033623
-0.000335187
-0.000334104
-0.000333067
-0.00033199
-0.00033096
-0.00032989
-0.000328867
-0.000327804
-0.000326787
-0.000325731
-0.00032472
-0.000323671
-0.000322667
-0.000321623
-0.000320625
-0.000319589
-0.000318597
-0.000317567
-0.000316581
-0.000315557
-0.000314578
-0.00031356
-0.000312587
-0.000311575
-0.000310608
-0.000309603
-0.000308642
-0.000307644
-0.000306689
-0.000305696
-0.000304747
-0.000303761
-0.000302818
-0.000301838
-0.0003009
-0.000299926
-0.000298994
-0.000298026
-0.0002971
-0.000296139
-0.000295219
-0.000294263
-0.000293349
-0.000292399
-0.000291491
-0.000290547
-0.000289644
-0.000288707
-0.000287809
-0.000286877
-0.000285986
-0.000285059
-0.000284173
-0.000283253
-0.000282372
-0.000281457
-0.000280582
-0.000279673
-0.000278804
-0.0002779
-0.000277036
-0.000276139
-0.000275281
-0.000274389
-0.000273536
-0.00027265
-0.000271802
-0.000270922
-0.00027008
-0.000269205
-0.000268368
-0.000267498
-0.000266666
-0.000265802
-0.000264975
-0.000264116
-0.000263295
-0.000262442
-0.000261625
-0.000260778
-0.000259966
-0.000259124
-0.000258317
-0.000257479
-0.000256678
-0.000255845
-0.000255049
-0.000254222
-0.000253431
-0.000252609
-0.000251823
-0.000251007
-0.000250226
-0.000249414
-0.000248638
-0.000247832
-0.00024706
-0.000246259
-0.000245493
-0.000244696
-0.000243935
-0.000243144
-0.000242387
-0.0002416
-0.000240848
-0.000240067
-0.00023932
-0.000238543
-0.000237801
-0.000237029
-0.000236291
-0.000235524
-0.000234791
-0.000234029
-0.0002333
-0.000232543
-0.000231819
-0.000231066
-0.000230347
-0.000229599
-0.000228884
-0.000228141
-0.00022743
-0.000226692
-0.000225986
-0.000225252
-0.00022455
-0.000223821
-0.000223124
-0.0002224
-0.000221707
-0.000220987
-0.000220298
-0.000219583
-0.000218899
-0.000218188
-0.000217508
-0.000216802
-0.000216126
-0.000215424
-0.000214753
-0.000214055
-0.000213388
-0.000212695
-0.000212032
-0.000211343
-0.000210684
-0.00021
-0.000209345
-0.000208665
-0.000208014
-0.000207338
-0.000206692
-0.000206021
-0.000205378
-0.000204711
-0.000204073
-0.00020341
-0.000202776
-0.000202117
-0.000201486
-0.000200832
-0.000200206
-0.000199555
-0.000198933
-0.000198287
-0.000197668
-0.000197026
-0.000196412
-0.000195774
-0.000195163
-0.000194529
-0.000193922
-0.000193292
-0.000192689
-0.000192062
-0.000191463
-0.00019084
-0.000190245
-0.000189626
-0.000189035
-0.00018842
-0.000187832
-0.000187221
-0.000186637
-0.00018603
-0.00018545
-0.000184847
-0.00018427
-0.000183671
-0.000183098
-0.000182503
-0.000181934
-0.000181343
-0.000180777
-0.00018019
-0.000179628
-0.000179044
-0.000178485
-0.000177905
-0.00017735
-0.000176773
-0.000176221
-0.000175648
-0.000175099
-0.000174529
-0.000173984
-0.000173418
-0.000172876
-0.000172314
-0.000171776
-0.000171217
-0.000170682
-0.000170126
-0.000169595
-0.000169043
-0.000168515
-0.000167967
-0.000167442
-0.000166897
-0.000166376
-0.000165835
-0.000165317
-0.000164779
-0.000164264
-0.000163729
-0.000163218
-0.000162686
-0.000162178
-0.00016165
-0.000161146
-0.000160621
-0.00016012
-0.000159599
-0.0001591
-0.000158582
-0.000158087
-0.000157572
-0.00015708
-0.000156568
-0.000156079
-0.000155571
-0.000155085
-0.000154581
-0.000154098
-0.000153596
-0.000153116
-0.000152618
-0.000152141
-0.000151646
-0.000151172
-0.000150679
-0.000150208
-0.000149719
-0.000149232
-0.000148766
-0.000148282
-0.00014782
-0.00014734
-0.00014688
-0.000146402
-0.000145927
-0.000145472
-0.000145
-0.000144548
-0.000144078
-0.000143611
-0.000143164
-0.000142699
-0.000142255
-0.000141793
-0.000141351
-0.000140892
-0.000140453
-0.000139996
-0.000139559
-0.000139105
-0.000138653
-0.000138221
-0.000137772
-0.000137325
-0.000136897
-0.000136453
-0.000136011
-0.000135588
-0.000135149
-0.000134729
-0.000134292
-0.000133856
-0.00013344
-0.000133008
-0.000132594
-0.000132164
-0.000131752
-0.000131324
-0.000130898
-0.00013049
-0.000130067
-0.000129661
-0.00012924
-0.000128837
-0.000128418
-0.000128017
-0.000127601
-0.000127186
-0.000126789
-0.000126378
-0.000125984
-0.000125574
-0.000125182
-0.000124775
-0.00012437
-0.000123982
-0.00012358
-0.000123194
-0.000122794
-0.000122395
-0.000122013
-0.000121617
-0.000121223
-0.000120845
-0.000120453
-0.000120063
-0.00011969
-0.000119302
-0.000118915
-0.000118545
-0.000118161
-0.000117778
-0.000117412
-0.000117032
-0.000116653
-0.00011629
-0.000115913
-0.000115552
-0.000115177
-0.000114804
-0.000114446
-0.000114075
-0.00011372
-0.000113351
-0.000112983
-0.000112631
-0.000112266
-0.000111916
-0.000111552
-0.00011119
-0.000110843
-0.000110483
-0.000110125
-0.000109782
-0.000109426
-0.000109085
-0.000108731
-0.000108378
-0.00010804
-0.000107689
-0.00010734
-0.000107006
-0.000106658
-0.000106312
-0.000105982
-0.000105638
-0.000105296
-0.000104969
-0.000104628
-0.00010429
-0.000103966
-0.000103629
-0.000103293
-0.000102972
-0.000102639
-0.000102306
-0.000101989
-0.000101658
-0.000101329
-0.000101014
-0.000100686
-0.00010036
-0.000100048
-9.97233e-05
-9.93999e-05
-9.90905e-05
-9.87689e-05
-9.84484e-05
-9.81294e-05
-9.78244e-05
-9.75075e-05
-9.71919e-05
-9.68899e-05
-9.65761e-05
-9.62634e-05
-9.5952e-05
-9.56542e-05
-9.53448e-05
-9.50365e-05
-9.47415e-05
-9.44347e-05
-9.4129e-05
-9.38245e-05
-9.35333e-05
-9.32306e-05
-9.29289e-05
-9.26286e-05
-9.23414e-05
-9.20428e-05
-9.17453e-05
-9.14607e-05
-9.11647e-05
-9.08698e-05
-9.05877e-05
-9.02942e-05
-9.00017e-05
-8.97104e-05
-8.94317e-05
-8.91422e-05
-8.88538e-05
-8.85779e-05
-8.8291e-05
-8.80051e-05
-8.77203e-05
-8.74479e-05
-8.71648e-05
-8.68828e-05
-8.6613e-05
-8.63326e-05
-8.60533e-05
-8.5786e-05
-8.55082e-05
-8.52314e-05
-8.49665e-05
-8.46911e-05
-8.44167e-05
-8.41542e-05
-8.38812e-05
-8.36093e-05
-8.33385e-05
-8.30795e-05
-8.28102e-05
-8.25418e-05
-8.22744e-05
-8.20082e-05
-8.17537e-05
-8.14893e-05
-8.1226e-05
-8.0974e-05
-8.0712e-05
-8.04509e-05
-8.01909e-05
-7.99421e-05
-7.96836e-05
-7.94259e-05
-7.91693e-05
-7.89238e-05
-7.86687e-05
-7.84144e-05
-7.81612e-05
-7.79189e-05
-7.76671e-05
-7.74161e-05
-7.71661e-05
-7.69269e-05
-7.66782e-05
-7.64303e-05
-7.61833e-05
-7.59471e-05
-7.57014e-05
-7.54565e-05
-7.52125e-05
-7.49791e-05
-7.47364e-05
-7.44944e-05
-7.42534e-05
-7.40134e-05
-7.37838e-05
-7.35452e-05
-7.33075e-05
-7.30706e-05
-7.28347e-05
-7.26092e-05
-7.23746e-05
-7.21409e-05
-7.19079e-05
-7.1676e-05
-7.14541e-05
-7.12234e-05
-7.09933e-05
-7.07641e-05
-7.05357e-05
-7.03173e-05
-7.00901e-05
-6.98636e-05
-6.96378e-05
-6.94129e-05
-6.9189e-05
-6.89749e-05
-6.87523e-05
-6.85303e-05
-6.8309e-05
-6.80887e-05
-6.78692e-05
-6.76593e-05
-6.7441e-05
-6.72233e-05
-6.70063e-05
-6.67901e-05
-6.65747e-05
-6.63604e-05
-6.61554e-05
-6.59422e-05
-6.57295e-05
-6.55175e-05
-6.53062e-05
-6.50958e-05
-6.48863e-05
-6.46777e-05
-6.44783e-05
-6.42707e-05
-6.40637e-05
-6.38573e-05
-6.36515e-05
-6.34465e-05
-6.32424e-05
-6.30391e-05
-6.28367e-05
-6.26432e-05
-6.24418e-05
-6.22408e-05
-6.20403e-05
-6.18404e-05
-6.16412e-05
-6.14428e-05
-6.12452e-05
-6.10484e-05
-6.08525e-05
-6.06575e-05
-6.0471e-05
-6.02768e-05
-6.0083e-05
-5.98896e-05
-5.96967e-05
-5.95044e-05
-5.93127e-05
-5.91218e-05
-5.89317e-05
-5.87424e-05
-5.85539e-05
-5.83662e-05
-5.81793e-05
-5.79932e-05
-5.78151e-05
-5.76296e-05
-5.74444e-05
-5.72595e-05
-5.70749e-05
-5.68909e-05
-5.67074e-05
-5.65246e-05
-5.63425e-05
-5.61612e-05
-5.59806e-05
-5.58007e-05
-5.56216e-05
-5.54432e-05
-5.52655e-05
-5.50885e-05
-5.49122e-05
-5.47366e-05
-5.45616e-05
-5.43872e-05
-5.42134e-05
-5.40402e-05
-5.38676e-05
-5.36955e-05
-5.35241e-05
-5.33531e-05
-5.31827e-05
-5.30129e-05
-5.28435e-05
-5.26747e-05
-5.25064e-05
-5.23386e-05
-5.21713e-05
-5.20046e-05
-5.18383e-05
-5.16725e-05
-5.15073e-05
-5.13425e-05
-5.11782e-05
-5.10144e-05
-5.08511e-05
-5.06882e-05
-5.05259e-05
-5.0364e-05
-5.02026e-05
-5.00417e-05
-4.98813e-05
-4.97213e-05
-4.95618e-05
-4.94028e-05
-4.92442e-05
-4.90861e-05
-4.89285e-05
-4.87714e-05
-4.86147e-05
-4.84584e-05
-4.83027e-05
-4.81474e-05
-4.79925e-05
-4.78381e-05
-4.76842e-05
-4.75307e-05
-4.73777e-05
-4.72251e-05
-4.7073e-05
-4.69213e-05
-4.67701e-05
-4.66194e-05
-4.6469e-05
-4.63192e-05
-4.61697e-05
-4.60208e-05
-4.58722e-05
-4.57241e-05
-4.55765e-05
-4.54293e-05
-4.52825e-05
-4.51362e-05
-4.49903e-05
-4.48448e-05
-4.46998e-05
-4.45552e-05
-4.4411e-05
-4.42673e-05
-4.4124e-05
-4.39812e-05
-4.38387e-05
-4.36967e-05
-4.35552e-05
-4.3414e-05
-4.32733e-05
-4.3133e-05
-4.29931e-05
-4.28537e-05
-4.27146e-05
-4.2576e-05
-4.24379e-05
-4.23001e-05
-4.21627e-05
-4.20258e-05
-4.18893e-05
-4.17532e-05
-4.16175e-05
-4.14822e-05
-4.13474e-05
-4.12129e-05
-4.10789e-05
-4.09452e-05
-4.0812e-05
-4.06792e-05
-4.05468e-05
-4.04147e-05
-4.02831e-05
-4.01519e-05
-4.00211e-05
-3.98907e-05
-3.97607e-05
-3.96311e-05
-3.95019e-05
-3.93731e-05
-3.92447e-05
-3.91167e-05
-3.8989e-05
-3.88618e-05
-3.8735e-05
-3.86085e-05
-3.84825e-05
-3.83568e-05
-3.82315e-05
-3.81066e-05
-3.79821e-05
-3.78579e-05
-3.77342e-05
-3.76108e-05
-3.74878e-05
-3.73652e-05
-3.7243e-05
-3.71211e-05
-3.69997e-05
-3.68786e-05
-3.67579e-05
-3.66375e-05
-3.65175e-05
-3.63979e-05
-3.62787e-05
-3.61598e-05
-3.60413e-05
-3.59232e-05
-3.58054e-05
-3.56881e-05
-3.5571e-05
-3.54544e-05
-3.53381e-05
-3.52221e-05
-3.51065e-05
-3.49913e-05
-3.48765e-05
-3.47619e-05
-3.46478e-05
-3.4534e-05
-3.44206e-05
-3.43075e-05
-3.41948e-05
-3.40824e-05
-3.39703e-05
-3.38587e-05
-3.37473e-05
-3.36363e-05
-3.35257e-05
-3.34154e-05
-3.33055e-05
-3.31959e-05
-3.30866e-05
-3.29777e-05
-3.28691e-05
-3.27609e-05
-3.2653e-05
-3.25467e-05
-3.24393e-05
-3.23323e-05
-3.22257e-05
-3.21194e-05
-3.20135e-05
-3.19079e-05
-3.18026e-05
-3.16977e-05
-3.15931e-05
-3.14889e-05
-3.1385e-05
-3.12814e-05
-3.11781e-05
-3.10752e-05
-3.09726e-05
-3.08703e-05
-3.07684e-05
-3.06667e-05
-3.05654e-05
-3.04644e-05
-3.03637e-05
-3.02634e-05
-3.01634e-05
-3.00636e-05
-2.99642e-05
-2.98651e-05
-2.97663e-05
-2.96679e-05
-2.95697e-05
-2.94718e-05
-2.93743e-05
-2.9277e-05
-2.91801e-05
-2.90835e-05
-2.89871e-05
-2.88911e-05
-2.87954e-05
-2.86999e-05
-2.86048e-05
-2.851e-05
-2.84154e-05
-2.83212e-05
-2.82272e-05
-2.81336e-05
-2.80402e-05
-2.79472e-05
-2.78544e-05
-2.7762e-05
-2.76698e-05
-2.75779e-05
-2.74863e-05
-2.7395e-05
-2.7304e-05
-2.72133e-05
-2.71228e-05
-2.70327e-05
-2.69428e-05
-2.68532e-05
-2.67639e-05
-2.66749e-05
-2.65861e-05
-2.64977e-05
-2.64095e-05
-2.63216e-05
-2.6234e-05
-2.61466e-05
-2.60595e-05
-2.59728e-05
-2.58862e-05
-2.58e-05
-2.5714e-05
-2.56283e-05
-2.55429e-05
-2.54577e-05
-2.53728e-05
-2.52882e-05
-2.52039e-05
-2.51198e-05
-2.5036e-05
-2.49524e-05
-2.48691e-05
-2.47861e-05
-2.47034e-05
-2.46209e-05
-2.45386e-05
-2.44567e-05
-2.4375e-05
-2.42935e-05
-2.42123e-05
-2.41314e-05
-2.40507e-05
-2.39703e-05
-2.38901e-05
-2.38102e-05
-2.37305e-05
-2.36511e-05
-2.3572e-05
-2.34931e-05
-2.34144e-05
-2.3336e-05
-2.32579e-05
-2.318e-05
-2.31023e-05
-2.30249e-05
-2.29477e-05
-2.28708e-05
-2.27942e-05
-2.27177e-05
-2.26415e-05
-2.25656e-05
-2.24899e-05
-2.24144e-05
-2.23392e-05
-2.22642e-05
-2.21895e-05
-2.2115e-05
-2.20407e-05
-2.19667e-05
-2.18929e-05
-2.18193e-05
-2.1746e-05
-2.16729e-05
-2.16001e-05
-2.15274e-05
-2.1455e-05
-2.13829e-05
-2.13109e-05
-2.12392e-05
-2.11678e-05
-2.10965e-05
-2.10255e-05
-2.09547e-05
-2.08841e-05
-2.08138e-05
-2.07436e-05
-2.06737e-05
-2.06041e-05
-2.05346e-05
-2.04654e-05
-2.03964e-05
-2.03276e-05
-2.0259e-05
-2.01907e-05
-2.01225e-05
-2.00546e-05
-1.99869e-05
-1.99194e-05
-1.98521e-05
-1.97851e-05
-1.97182e-05
-1.96516e-05
-1.95852e-05
-1.9519e-05
-1.9453e-05
-1.93872e-05
-1.93216e-05
-1.92563e-05
-1.91911e-05
-1.91262e-05
-1.90614e-05
-1.89969e-05
-1.89326e-05
-1.88685e-05
-1.88046e-05
-1.87408e-05
-1.86773e-05
-1.8614e-05
-1.85509e-05
-1.8488e-05
-1.84253e-05
-1.83628e-05
-1.83005e-05
-1.82384e-05
-1.81765e-05
-1.81148e-05
-1.80533e-05
-1.7992e-05
-1.79309e-05
-1.78699e-05
-1.78092e-05
-1.77487e-05
-1.76883e-05
-1.76282e-05
-1.75682e-05
-1.75085e-05
-1.74489e-05
-1.73895e-05
-1.73303e-05
-1.72713e-05
-1.72125e-05
-1.71539e-05
-1.70954e-05
-1.70372e-05
-1.69791e-05
-1.69212e-05
-1.68635e-05
-1.6806e-05
-1.67487e-05
-1.66916e-05
-1.66346e-05
-1.65778e-05
-1.65212e-05
-1.64648e-05
-1.64086e-05
-1.63525e-05
-1.62966e-05
-1.62409e-05
-1.61854e-05
-1.61301e-05
-1.60749e-05
-1.60199e-05
-1.59651e-05
-1.59105e-05
-1.5856e-05
-1.58017e-05
-1.57476e-05
-1.56937e-05
-1.56399e-05
-1.55863e-05
-1.55329e-05
-1.54796e-05
-1.54265e-05
-1.53736e-05
-1.53209e-05
-1.52683e-05
-1.52159e-05
-1.51637e-05
-1.51116e-05
-1.50597e-05
-1.5008e-05
-1.49564e-05
-1.4905e-05
-1.48537e-05
-1.48026e-05
-1.47517e-05
-1.4701e-05
-1.46504e-05
-1.46e-05
-1.45497e-05
-1.44996e-05
-1.44496e-05
-1.43999e-05
-1.43502e-05
-1.43008e-05
-1.42515e-05
-1.42023e-05
-1.41533e-05
-1.41045e-05
-1.40558e-05
-1.40073e-05
-1.39589e-05
-1.39107e-05
-1.38626e-05
-1.38147e-05
-1.3767e-05
-1.37194e-05
-1.36719e-05
-1.36247e-05
-1.35775e-05
-1.35305e-05
-1.34837e-05
-1.3437e-05
-1.33905e-05
-1.33441e-05
-1.32978e-05
-1.32517e-05
-1.32058e-05
-1.316e-05
-1.31143e-05
-1.30688e-05
-1.30235e-05
-1.29783e-05
-1.29332e-05
-1.28883e-05
-1.28435e-05
-1.27989e-05
-1.27544e-05
-1.271e-05
-1.26658e-05
-1.26217e-05
-1.25778e-05
-1.2534e-05
-1.24904e-05
-1.24469e-05
-1.24035e-05
-1.23603e-05
-1.23172e-05
-1.22743e-05
-1.22315e-05
-1.21888e-05
-1.21462e-05
-1.21038e-05
-1.20616e-05
-1.20195e-05
-1.19775e-05
-1.19356e-05
-1.18939e-05
-1.18523e-05
-1.18108e-05
-1.17695e-05
-1.17283e-05
-1.16873e-05
-1.16463e-05
-1.16055e-05
-1.15649e-05
-1.15243e-05
-1.14839e-05
-1.14437e-05
-1.14035e-05
-1.13635e-05
-1.13236e-05
-1.12839e-05
-1.12442e-05
-1.12047e-05
-1.11653e-05
-1.11261e-05
-1.1087e-05
-1.1048e-05
-1.10091e-05
-1.09703e-05
-1.09317e-05
-1.08932e-05
-1.08548e-05
-1.08166e-05
-1.07785e-05
-1.07404e-05
-1.07026e-05
-1.06648e-05
-1.06271e-05
-1.05896e-05
-1.05522e-05
-1.05149e-05
-1.04778e-05
-1.04407e-05
-1.04038e-05
-1.0367e-05
-1.03303e-05
-1.02937e-05
-1.02573e-05
-1.02209e-05
-1.01847e-05
-1.01486e-05
-1.01126e-05
-1.00768e-05
-1.0041e-05
-1.00054e-05
-9.96984e-06
