-0.336666
-0.329739
-0.323044
-0.31657
-0.310308
-0.304248
-0.298381
-0.292699
-0.287194
-0.281858
-0.276684
-0.271665
-0.266796
-0.262069
-0.25748
-0.253023
-0.248692
-0.244483
-0.24039
-0.236411
-0.232539
-0.228772
-0.225105
-0.221534
-0.218057
-0.21467
-0.211369
-0.208151
-0.205014
-0.201955
-0.198971
-0.19606
-0.193218
-0.190444
-0.187736
-0.185091
-0.182507
-0.179983
-0.177516
-0.175104
-0.172746
-0.17044
-0.168184
-0.165977
-0.163818
-0.161705
-0.159636
-0.15761
-0.155626
-0.153683
-0.151779
-0.149914
-0.148086
-0.146293
-0.144537
-0.142814
-0.141124
-0.139467
-0.137841
-0.136245
-0.134679
-0.133142
-0.131633
-0.130152
-0.128696
-0.127267
-0.125864
-0.124484
-0.123129
-0.121797
-0.120488
-0.119201
-0.117935
-0.116691
-0.115468
-0.114264
-0.11308
-0.111915
-0.110769
-0.109641
-0.10853
-0.107438
-0.106364
-0.105307
-0.104267
-0.103242
-0.102234
-0.101242
-0.100264
-0.0993016
-0.0983534
-0.0974193
-0.0964991
-0.0955922
-0.0946986
-0.0938178
-0.0929497
-0.0920937
-0.09125
-0.0904178
-0.0895973
-0.088788
-0.0879898
-0.0872023
-0.0864255
-0.085659
-0.0849027
-0.0841562
-0.0834197
-0.0826926
-0.0819748
-0.0812664
-0.0805669
-0.0798763
-0.0791944
-0.0785208
-0.0778558
-0.0771987
-0.0765499
-0.0759089
-0.0752754
-0.0746499
-0.0740315
-0.0734208
-0.0728169
-0.0722204
-0.0716305
-0.0710477
-0.0704714
-0.0699019
-0.0693386
-0.068782
-0.0682313
-0.0676871
-0.0671487
-0.0666164
-0.0660898
-0.0655691
-0.0650539
-0.0645445
-0.0640404
-0.0635419
-0.0630484
-0.0625605
-0.0620773
-0.0615996
-0.0611265
-0.0606588
-0.0601954
-0.0597373
-0.0592834
-0.0588346
-0.0583898
-0.0579501
-0.0575143
-0.0570832
-0.0566561
-0.0562336
-0.0558149
-0.0554007
-0.0549902
-0.0545841
-0.0541814
-0.0537832
-0.0533883
-0.0529976
-0.0526102
-0.052227
-0.0518469
-0.0514709
-0.0510979
-0.050729
-0.0503632
-0.0500008
-0.0496415
-0.049286
-0.0489333
-0.0485843
-0.048238
-0.0478954
-0.0475556
-0.0472186
-0.0468852
-0.0465542
-0.0462267
-0.0459016
-0.0455798
-0.0452607
-0.0449441
-0.0446309
-0.0443198
-0.044012
-0.0437063
-0.0434039
-0.0431067
-0.0428109
-0.04252
-0.0422286
-0.0419426
-0.0416583
-0.041377
-0.0410982
-0.0408201
-0.0405458
-0.0402709
-0.0400012
-0.039732
-0.0394667
-0.0392036
-0.0389426
-0.0386818
-0.0384249
-0.0381676
-0.0379149
-0.0376629
-0.0374142
-0.0371676
-0.0369229
-0.0366784
-0.0364376
-0.0361962
-0.0359592
-0.0357226
-0.0354892
-0.0352578
-0.0350271
-0.0347992
-0.0345716
-0.0343472
-0.0341224
-0.0339015
-0.0336815
-0.033464
-0.0332469
-0.0330327
-0.0328188
-0.0326078
-0.0323972
-0.0321894
-0.0319819
-0.0317772
-0.0315729
-0.0313713
-0.0311701
-0.0309715
-0.0307732
-0.0305776
-0.0303823
-0.0301896
-0.0299972
-0.0298073
-0.0296177
-0.0294306
-0.0292438
-0.0290594
-0.0288754
-0.0286937
-0.0285123
-0.0283333
-0.0281546
-0.0279781
-0.027802
-0.0276281
-0.0274545
-0.0272831
-0.027112
-0.026943
-0.0267743
-0.0266078
-0.0264416
-0.0262774
-0.0261135
-0.0259517
-0.0257901
-0.0256305
-0.0254712
-0.0253139
-0.0251569
-0.0250018
-0.0248469
-0.024694
-0.0245415
-0.0243908
-0.0242402
-0.0240915
-0.0239425
-0.0237959
-0.023649
-0.0235045
-0.0233606
-0.023218
-0.0230764
-0.0229353
-0.0227956
-0.022656
-0.0225182
-0.0223802
-0.0222443
-0.0221082
-0.0219741
-0.0218406
-0.0217084
-0.0215771
-0.0214466
-0.0213166
-0.0211879
-0.0210592
-0.0209322
-0.020805
-0.0206798
-0.0205543
-0.0204307
-0.0203076
-0.0201857
-0.0200646
-0.0199442
-0.0198243
-0.0197056
-0.0195868
-0.0194696
-0.0193522
-0.0192366
-0.0191208
-0.0190067
-0.018893
-0.0187804
-0.0186685
-0.0185574
-0.0184466
-0.018337
-0.0182275
-0.0181192
-0.0180107
-0.0179039
-0.0177968
-0.0176914
-0.017586
-0.0174819
-0.0173786
-0.0172758
-0.0171737
-0.017072
-0.0169712
-0.0168705
-0.0167711
-0.0166714
-0.0165732
-0.0164748
-0.0163779
-0.016281
-0.0161853
-0.0160902
-0.0159958
-0.0159015
-0.0158082
-0.015715
-0.0156229
-0.0155309
-0.01544
-0.0153491
-0.0152594
-0.0151695
-0.015081
-0.0149924
-0.014905
-0.0148175
-0.0147311
-0.0146447
-0.0145594
-0.0144742
-0.01439
-0.0143057
-0.0142226
-0.0141394
-0.0140573
-0.0139752
-0.0138941
-0.013813
-0.013733
-0.0136529
-0.0135738
-0.0134947
-0.0134167
-0.0133386
-0.0132615
-0.0131843
-0.0131082
-0.013032
-0.0129568
-0.0128816
-0.0128073
-0.012733
-0.0126597
-0.0125863
-0.0125139
-0.0124414
-0.0123699
-0.0122983
-0.0122276
-0.0121569
-0.0120871
-0.0120173
-0.0119483
-0.0118794
-0.0118113
-0.0117431
-0.0116759
-0.0116086
-0.0115421
-0.0114756
-0.01141
-0.0113443
-0.0112795
-0.0112146
-0.0111506
-0.0110865
-0.0110232
-0.0109599
-0.0108974
-0.0108349
-0.0107731
-0.0107113
-0.0106504
-0.0105893
-0.0105291
-0.0104687
-0.0104092
-0.0103496
-0.0102908
-0.0102319
-0.0101738
-0.0101157
-0.0100583
-0.0100008
-0.00994409
-0.0098873
-0.00983127
-0.00977516
-0.0097198
-0.00966436
-0.00960966
-0.0095552
-0.00950115
-0.00944695
-0.00939354
-0.00933988
-0.00928711
-0.0092341
-0.00918197
-0.0091296
-0.00907808
-0.00902668
-0.00897578
-0.00892513
-0.00887477
-0.00882472
-0.00877495
-0.00872548
-0.00867586
-0.00862702
-0.00857793
-0.00852967
-0.00848116
-0.00843348
-0.00838555
-0.00833843
-0.00829119
-0.00824462
-0.00819828
-0.0081522
-0.00810639
-0.00806085
-0.00801557
-0.00797033
-0.00792563
-0.00788082
-0.00783665
-0.00779226
-0.0077486
-0.00770471
-0.00766157
-0.0076182
-0.00757556
-0.00753286
-0.00749072
-0.00744877
-0.00740707
-0.00736535
-0.00732418
-0.00728279
-0.0072421
-0.00720142
-0.00716121
-0.00712118
-0.00708113
-0.00704161
-0.00700196
-0.0069629
-0.00692362
-0.00688502
-0.00684635
-0.0068082
-0.00676994
-0.00673223
-0.00669439
-0.00665712
-0.00661972
-0.00658289
-0.00654592
-0.00650951
-0.00647297
-0.00643699
-0.00640088
-0.00636531
-0.00632961
-0.00629446
-0.00625918
-0.00622443
-0.00618956
-0.00615522
-0.00612075
-0.0060868
-0.00605273
-0.00601918
-0.00598551
-0.00595235
-0.00591906
-0.00588628
-0.00585338
-0.00582098
-0.00578846
-0.00575644
-0.00572429
-0.00569264
-0.00566086
-0.00562958
-0.00559817
-0.00556724
-0.00553619
-0.00550563
-0.00547493
-0.00544472
-0.00541438
-0.00538451
-0.00535451
-0.00532499
-0.00529534
-0.00526616
-0.00523684
-0.00520799
-0.00517902
-0.0051505
-0.00512185
-0.00509366
-0.00506534
-0.00503747
-0.00500947
-0.00498192
-0.00495425
-0.00492701
-0.00489965
-0.00487272
-0.00484567
-0.00481905
-0.0047923
-0.00476599
-0.00473955
-0.00471353
-0.00468739
-0.00466166
-0.00463582
-0.00461039
-0.00458484
-0.0045597
-0.00453443
-0.00450957
-0.00448459
-0.00446002
-0.00443532
-0.00441103
-0.00438661
-0.00436259
-0.00433844
-0.00431469
-0.00429082
-0.00426734
-0.00424374
-0.00422052
-0.00419718
-0.00417423
-0.00415115
-0.00412846
-0.00410564
-0.00408321
-0.00406064
-0.00403846
-0.00401615
-0.00399422
-0.00397216
-0.00395047
-0.00392866
-0.00390722
-0.00388565
-0.00386445
-0.00384313
-0.00382217
-0.00380109
-0.00378036
-0.00375968
-0.00373911
-0.00371847
-0.00369821
-0.00367777
-0.00365773
-0.00363753
-0.00361772
-0.00359912
-0.00357816
-0.00356063
-0.00353905
-0.0035196
-0.00350045
-0.00348134
-0.00346233
-0.00344342
-0.00342462
-0.00340592
-0.00338733
-0.00336866
-0.00335035
-0.00333187
-0.00331376
-0.00329549
-0.00327759
-0.00326017
-0.00324183
-0.00322584
-0.00320647
-0.00319117
-0.00317151
-0.00315423
-0.00313704
-0.00311994
-0.00310294
-0.00308603
-0.00306921
-0.00305248
-0.00303571
-0.00301924
-0.00300265
-0.00298637
-0.00296993
-0.00295383
-0.00293759
-0.00292167
-0.00290709
-0.00288986
-0.00287678
-0.00285842
-0.00284276
-0.00282737
-0.00281199
-0.00279658
-0.00278145
-0.00276619
-0.00275122
-0.00273613
-0.00272133
-0.00270641
-0.00269178
-0.00267702
-0.00266255
-0.00264796
-0.00263366
-0.00261923
-0.00260508
-0.00259082
-0.00257683
-0.00256273
-0.0025489
-0.00253507
-0.00252131
-0.00250763
-0.00249391
-0.00248046
-0.00246687
-0.00245357
-0.00244333
-0.00242699
-0.00241979
-0.00240088
-0.00239538
-0.0023761
-0.00236178
-0.00234907
-0.00233636
-0.00232371
-0.00231113
-0.00229862
-0.00228608
-0.00227379
-0.00226149
-0.00224925
-0.00223698
-0.00222495
-0.0022128
-0.00220091
-0.00219082
-0.00217714
-0.00217053
-0.00215364
-0.00214917
-0.00213144
-0.0021219
-0.00210744
-0.00209606
-0.00208473
-0.00207347
-0.00206228
-0.00205114
-0.00204006
-0.00202894
-0.00201807
-0.00200717
-0.00199633
-0.00198545
-0.00197481
-0.00196405
-0.00195353
-0.00194611
-0.00193248
-0.00192816
-0.00191192
-0.0019093
-0.00189289
-0.00188111
-0.00187076
-0.00186067
-0.00185064
-0.00184066
-0.00183073
-0.00182077
-0.00181104
-0.00180119
-0.00179156
-0.00178182
-0.0017723
-0.00176267
-0.00175325
-0.00174373
-0.00173442
-0.00172506
-0.00171579
-0.00170714
-0.00169737
-0.00169094
-0.00167916
-0.00167089
-0.00166115
-0.00165347
-0.00164334
-0.0016361
-0.00162573
-0.00161885
-0.00160831
-0.00160171
-0.00159109
-0.0015847
-0.00157406
-0.00156788
-0.00155722
-0.00155121
-0.00154058
-0.00153472
-0.00152411
-0.00151841
-0.00150784
-0.00150225
-0.00149174
-0.00148627
-0.00147583
-0.00147044
-0.0014601
-0.00145481
-0.00144454
-0.00143931
-0.00142915
-0.00142401
-0.00141394
-0.00140884
-0.0013989
-0.00139387
-0.00138402
-0.00137904
-0.00136931
-0.00136438
-0.00135476
-0.00134986
-0.00134037
-0.00133551
-0.00132614
-0.00132131
-0.00131206
-0.00130726
-0.00129814
-0.00129338
-0.00128438
-0.00127966
-0.00127076
-0.00126606
-0.00125729
-0.00125262
-0.00124397
-0.00123932
-0.0012308
-0.00122617
-0.00121776
-0.00121314
-0.00120487
-0.0012003
-0.00119212
-0.00118757
-0.00117951
-0.00117496
-0.00116703
-0.00116251
-0.00115469
-0.0011502
-0.00114248
-0.001138
-0.0011304
-0.00112595
-0.00111845
-0.00111404
-0.00110663
-0.00110224
-0.00109494
-0.00109058
-0.00108337
-0.00107903
-0.00107193
-0.00106761
-0.00106061
-0.00105633
-0.00104941
-0.00104515
-0.00103834
-0.00103411
-0.00102738
-0.00102319
-0.00101654
-0.00101238
-0.00100581
-0.00100167
-0.000995202
-0.00099111
-0.000984706
-0.000980626
-0.000974322
-0.000970292
-0.000964049
-0.000960052
-0.000953887
-0.000949932
-0.000943834
-0.000939958
-0.000933888
-0.000930172
-0.000924049
-0.00091937
-0.000914308
-0.000909453
-0.000904622
-0.000899816
-0.000895033
-0.000890239
-0.000885592
-0.000880885
-0.000876289
-0.000876025
-0.000867088
-0.000869931
-0.000859826
-0.000862714
-0.000852333
-0.000854824
-0.000844325
-0.000846057
-0.000835638
-0.00082685
-0.00082246
-0.000818091
-0.000813745
-0.00080942
-0.000805117
-0.000800836
-0.000796577
-0.000792339
-0.000788122
-0.000783926
-0.000779751
-0.000775604
-0.000771559
-0.000767463
-0.000763461
-0.000763406
-0.000755452
-0.000758407
-0.00074895
-0.000752362
-0.000742651
-0.000745701
-0.000735901
-0.000738728
-0.000728914
-0.000724652
-0.000716609
-0.000712794
-0.000709
-0.000705224
-0.000701467
-0.00069773
-0.000694012
-0.000690312
-0.000686632
-0.00068297
-0.000679327
-0.000675703
-0.000672081
-0.00066858
-0.000665011
-0.000661548
-0.000659239
-0.000654619
-0.000656596
-0.000648149
-0.00065247
-0.00064359
-0.000647392
-0.000638296
-0.000641756
-0.000632579
-0.0006358
-0.000626613
-0.000619734
-0.00061452
-0.00061125
-0.000607997
-0.000604761
-0.000601504
-0.000598386
-0.000595195
-0.000592113
-0.000588958
-0.000585912
-0.000583292
-0.000579781
-0.000578165
-0.000573726
-0.000572772
-0.000567733
-0.000567219
-0.000561802
-0.000561592
-0.000555945
-0.000555963
-0.000550158
-0.000550338
-0.000544431
-0.000544762
-0.000538768
-0.00053919
-0.000533169
-0.00053368
-0.000527633
-0.000528203
-0.000522159
-0.000522785
-0.000516747
-0.000517381
-0.000511395
-0.000512025
-0.000506104
-0.00050674
-0.000500872
-0.000501477
-0.000495698
-0.00049629
-0.000490581
-0.000491149
-0.000485522
-0.000486038
-0.000480518
-0.00048101
-0.000475579
-0.000476033
-0.000470691
-0.000471104
-0.000465851
-0.000466222
-0.000461059
-0.000461408
-0.000456317
-0.00045661
-0.000451625
-0.000451882
-0.00044699
-0.000447175
-0.000442406
-0.000442539
-0.00043787
-0.000437925
-0.000433382
-0.000433383
-0.000428942
-0.000428884
-0.000424548
-0.000424431
-0.000420201
-0.000420025
-0.000415899
-0.000415667
-0.000411643
-0.000411377
-0.000407431
-0.000406494
-0.000403262
-0.000402608
-0.000399136
-0.000398746
-0.000395053
-0.000394728
-0.000391012
-0.000390675
-0.000387013
-0.000386611
-0.000383055
-0.000382629
-0.000379137
-0.000378677
-0.00037526
-0.000374764
-0.000371422
-0.000370861
-0.000367623
-0.000367044
-0.000363863
-0.00036326
-0.000360141
-0.000358735
-0.000356458
-0.000354733
-0.000352812
-0.000351542
-0.000349203
-0.000347996
-0.00034563
-0.000344422
-0.000342094
-0.0003409
-0.000338595
-0.000337369
-0.000335131
-0.000333911
-0.000331702
-0.000330447
-0.000328309
-0.000327058
-0.00032495
-0.000323693
-0.000321626
-0.000320357
-0.000318336
-0.000317054
-0.000315079
-0.000313784
-0.000311856
-0.000310549
-0.000308665
-0.000307048
-0.000305507
-0.000303906
-0.000302382
-0.000300765
-0.000299255
-0.000297679
-0.00029611
-0.000294549
-0.000292993
-0.000291445
-0.000289903
-0.000288406
-0.000286953
-0.000286849
-0.000284047
-0.000287214
-0.000281172
-0.000286165
-0.000278333
-0.000284394
-0.000276413
-0.000282148
-0.000274165
-0.000279694
-0.000271742
-0.000277111
-0.000269216
-0.000273846
0.000267366
-0.000270317
0.000268698
0.000269351
0.000269998
0.000270636
0.000271267
0.00027189
0.000272505
0.000273113
0.000273713
0.000274306
0.000274891
0.000275469
0.000276039
0.000276602
0.000277158
0.000277707
0.000278248
0.000278782
0.000279309
0.000279828
0.000280341
0.000280846
0.000281345
0.000281836
0.000282321
0.000282799
0.00028327
0.000283734
0.000284192
0.000284643
0.000285087
0.000285524
0.000285955
0.000286379
0.000286798
0.000287209
0.000287614
0.000288012
0.000288404
0.00028879
0.00028917
0.000289543
0.00028991
0.000290271
0.000290626
0.000290974
0.000291317
0.000291654
0.000291984
0.000292309
0.000292628
0.00029294
0.000293247
0.000293548
0.000293843
0.000294133
0.000294417
0.000294695
0.000294967
0.000295233
0.000295494
0.00029575
0.000296
0.000296245
0.000296483
0.000296717
0.000296945
0.000297168
0.000297386
0.000297598
0.000297805
0.000298007
0.000298203
0.000298395
0.000298581
0.000298762
0.000298938
0.000299109
0.000299275
0.000299436
0.000299592
0.000299744
0.00029989
0.000300031
0.000300168
0.0003003
0.000300427
0.000300549
0.000300667
0.00030078
0.000300888
0.000300992
0.000301091
0.000301186
0.000301276
0.000301361
0.000301442
0.000301519
0.000301591
0.000301659
0.000301722
0.000301781
0.000301836
0.000301886
0.000301933
0.000301975
0.000302013
0.000302046
0.000302076
0.000302101
0.000302123
0.00030214
0.000302153
0.000302162
0.000302168
0.000302169
0.000302166
0.000302159
0.000302149
0.000302135
0.000302117
0.000302095
0.000302069
0.00030204
0.000302007
0.00030197
0.00030193
0.000301885
0.000301838
0.000301786
0.000301731
0.000301673
0.000301611
0.000301545
0.000301476
0.000301404
0.000301328
0.000301249
0.000301166
0.00030108
0.000300991
0.000300898
0.000300802
0.000300703
0.000300601
0.000300495
0.000300386
0.000300274
0.000300159
0.00030004
0.000299919
0.000299794
0.000299667
0.000299536
0.000299403
0.000299266
0.000299126
0.000298984
0.000298838
0.00029869
0.000298539
0.000298384
0.000298227
0.000298068
0.000297905
0.00029774
0.000297571
0.0002974
0.000297227
0.00029705
0.000296872
0.00029669
0.000296506
0.000296319
0.000296129
0.000295937
0.000295742
0.000295545
0.000295345
0.000295143
0.000294938
0.000294731
0.000294521
0.000294309
0.000294095
0.000293878
0.000293659
0.000293437
0.000293213
0.000292987
0.000292758
0.000292528
0.000292295
0.000292059
0.000291822
0.000291582
0.00029134
0.000291096
0.00029085
0.000290601
0.000290351
0.000290098
0.000289844
0.000289587
0.000289328
0.000289067
0.000288805
0.00028854
0.000288273
0.000288004
0.000287733
0.000287461
0.000287186
0.00028691
0.000286632
0.000286351
0.00028607
0.000285786
0.0002855
0.000285212
0.000284923
0.000284632
0.00028434
0.000284045
0.000283749
0.000283451
0.000283151
0.00028285
0.000282547
0.000282242
0.000281936
0.000281628
0.000281319
0.000281008
0.000280696
0.000280381
0.000280066
0.000279748
0.00027943
0.00027911
0.000278788
0.000278465
0.00027814
0.000277814
0.000277487
0.000277158
0.000276828
0.000276496
0.000276163
0.000275829
0.000275493
0.000275156
0.000274818
0.000274478
0.000274137
0.000273795
0.000273451
0.000273107
0.000272761
0.000272414
0.000272065
0.000271716
0.000271365
0.000271013
0.00027066
0.000270306
0.00026995
0.000269594
0.000269236
0.000268877
0.000268518
0.000268157
0.000267795
0.000267432
0.000267068
0.000266703
0.000266337
0.00026597
0.000265602
0.000265233
0.000264863
0.000264492
0.00026412
0.000263748
0.000263374
0.000262999
0.000262624
0.000262247
0.00026187
0.000261492
0.000261113
0.000260733
0.000260353
0.000259971
0.000259589
0.000259206
0.000258822
0.000258438
0.000258052
0.000257666
0.000257279
0.000256892
0.000256503
0.000256114
0.000255724
0.000255334
0.000254943
0.000254551
0.000254158
0.000253765
0.000253371
0.000252977
0.000252582
0.000252186
0.00025179
0.000251393
0.000250995
0.000250597
0.000250198
0.000249799
0.0002494
0.000248999
0.000248598
0.000248197
0.000247795
0.000247393
0.00024699
0.000246587
0.000246183
0.000245778
0.000245374
0.000244968
0.000244563
0.000244157
0.00024375
0.000243343
0.000242936
0.000242528
0.00024212
0.000241711
0.000241303
0.000240893
0.000240484
0.000240074
0.000239663
0.000239253
0.000238842
0.00023843
0.000238019
0.000237607
0.000237195
0.000236782
0.000236369
0.000235956
0.000235543
0.00023513
0.000234716
0.000234302
0.000233887
0.000233473
0.000233058
0.000232643
0.000232228
0.000231812
0.000231397
0.000230981
0.000230565
0.000230149
0.000229733
0.000229316
0.000228899
0.000228483
0.000228066
0.000227649
0.000227231
0.000226814
0.000226397
0.000225979
0.000225562
0.000225144
0.000224726
0.000224308
0.00022389
0.000223472
0.000223054
0.000222636
0.000222218
0.000221799
0.000221381
0.000220963
0.000220544
0.000220126
0.000219707
0.000219289
0.000218871
0.000218452
0.000218034
0.000217615
0.000217197
0.000216779
0.00021636
0.000215942
0.000215524
0.000215105
0.000214687
0.000214269
0.000213851
0.000213433
0.000213015
0.000212597
0.00021218
0.000211762
0.000211345
0.000210927
0.00021051
0.000210093
0.000209675
0.000209258
0.000208842
0.000208425
0.000208008
0.000207592
0.000207175
0.000206759
0.000206343
0.000205928
0.000205512
0.000205096
0.000204681
0.000204266
0.000203851
0.000203436
0.000203021
0.000202607
0.000202193
0.000201779
0.000201365
0.000200951
0.000200538
0.000200125
0.000199712
0.000199299
0.000198886
0.000198474
0.000198062
0.000197651
0.000197239
0.000196828
0.000196417
0.000196006
0.000195595
0.000195185
0.000194775
0.000194366
0.000193956
0.000193547
0.000193138
0.00019273
0.000192322
0.000191914
0.000191506
0.000191099
0.000190692
0.000190285
0.000189879
0.000189473
0.000189067
0.000188661
0.000188256
0.000187852
0.000187447
0.000187043
0.000186639
0.000186236
0.000185833
0.00018543
0.000185028
0.000184626
0.000184224
0.000183823
0.000183422
0.000183021
0.000182621
0.000182221
0.000181822
0.000181423
0.000181024
0.000180625
0.000180228
0.00017983
0.000179433
0.000179036
0.00017864
0.000178244
0.000177848
0.000177453
0.000177058
0.000176664
0.00017627
0.000175877
0.000175484
0.000175091
0.000174699
0.000174307
0.000173916
0.000173525
0.000173134
0.000172744
0.000172355
0.000171965
0.000171577
0.000171188
0.000170801
0.000170413
0.000170026
0.00016964
0.000169254
0.000168868
0.000168483
0.000168098
0.000167714
0.000167331
0.000166947
0.000166565
0.000166182
0.0001658
0.000165419
0.000165038
0.000164658
0.000164278
0.000163899
0.00016352
0.000163141
0.000162763
0.000162386
0.000162009
0.000161633
0.000161257
0.000160881
0.000160506
0.000160132
0.000159758
0.000159384
0.000159011
0.000158639
0.000158267
0.000157896
0.000157525
0.000157154
0.000156785
0.000156415
0.000156046
0.000155678
0.00015531
0.000154943
0.000154576
0.00015421
0.000153845
0.000153479
0.000153115
0.000152751
0.000152387
0.000152024
0.000151662
0.0001513
0.000150938
0.000150577
0.000150217
0.000149857
0.000149498
0.000149139
0.000148781
0.000148424
0.000148067
0.00014771
0.000147354
0.000146999
0.000146644
0.00014629
0.000145936
0.000145583
0.00014523
0.000144878
0.000144526
0.000144175
0.000143825
0.000143475
0.000143126
0.000142777
0.000142429
0.000142081
0.000141734
0.000141388
0.000141042
0.000140697
0.000140352
0.000140008
0.000139664
0.000139321
0.000138978
0.000138636
0.000138295
0.000137954
0.000137614
0.000137274
0.000136935
0.000136597
0.000136259
0.000135922
0.000135585
0.000135249
0.000134913
0.000134578
0.000134244
0.00013391
0.000133577
0.000133244
0.000132912
0.00013258
0.000132249
0.000131919
0.000131589
0.00013126
0.000130931
0.000130603
0.000130276
0.000129949
0.000129622
0.000129297
0.000128972
0.000128647
0.000128323
0.000128
0.000127677
0.000127355
0.000127033
0.000126712
0.000126392
0.000126072
0.000125753
0.000125434
0.000125116
0.000124798
0.000124482
0.000124165
0.000123849
0.000123534
0.00012322
0.000122906
0.000122593
0.00012228
0.000121968
0.000121656
0.000121345
0.000121035
0.000120725
0.000120416
0.000120107
0.000119799
0.000119491
0.000119185
0.000118878
0.000118573
0.000118268
0.000117963
0.000117659
0.000117356
0.000117053
0.000116751
0.00011645
0.000116149
0.000115848
0.000115548
0.000115249
0.000114951
0.000114653
0.000114355
0.000114059
0.000113762
0.000113467
0.000113172
0.000112877
0.000112583
0.00011229
0.000111997
0.000111705
0.000111414
0.000111123
0.000110833
0.000110543
0.000110254
0.000109965
0.000109677
0.00010939
0.000109103
0.000108817
0.000108531
0.000108246
0.000107962
0.000107678
0.000107395
0.000107112
0.00010683
0.000106549
0.000106268
0.000105987
0.000105708
0.000105428
0.00010515
0.000104872
0.000104594
0.000104318
0.000104041
0.000103766
0.000103491
0.000103216
0.000102942
0.000102669
0.000102396
0.000102124
0.000101852
0.000101581
0.000101311
0.000101041
0.000100772
0.000100503
0.000100235
9.99673e-05
9.97003e-05
9.94339e-05
9.91681e-05
9.89028e-05
9.86382e-05
9.83741e-05
9.81105e-05
9.78476e-05
9.75852e-05
9.73234e-05
9.70621e-05
9.68015e-05
9.65414e-05
9.62819e-05
9.60229e-05
9.57645e-05
9.55067e-05
9.52495e-05
9.49928e-05
9.47367e-05
9.44811e-05
9.42261e-05
9.39717e-05
9.37179e-05
9.34646e-05
9.32119e-05
9.29597e-05
9.27081e-05
9.2457e-05
9.22066e-05
9.19567e-05
9.17073e-05
9.14585e-05
9.12103e-05
9.09626e-05
9.07155e-05
9.0469e-05
9.0223e-05
8.99775e-05
8.97326e-05
8.94883e-05
8.92445e-05
8.90013e-05
8.87586e-05
8.85165e-05
8.82749e-05
8.80339e-05
8.77935e-05
8.75535e-05
8.73142e-05
8.70753e-05
8.68371e-05
8.65993e-05
8.63622e-05
8.61255e-05
8.58895e-05
8.56539e-05
8.54189e-05
8.51845e-05
8.49506e-05
8.47172e-05
8.44844e-05
8.42521e-05
8.40204e-05
8.37892e-05
8.35585e-05
8.33284e-05
8.30988e-05
8.28697e-05
8.26412e-05
8.24132e-05
8.21858e-05
8.19589e-05
8.17325e-05
8.15066e-05
8.12813e-05
8.10565e-05
8.08323e-05
8.06086e-05
8.03854e-05
8.01627e-05
7.99406e-05
7.97189e-05
7.94979e-05
7.92773e-05
7.90572e-05
7.88377e-05
7.86187e-05
7.84002e-05
7.81823e-05
7.79649e-05
7.7748e-05
7.75316e-05
7.73157e-05
7.71003e-05
7.68855e-05
7.66712e-05
7.64574e-05
7.62441e-05
7.60313e-05
7.5819e-05
7.56073e-05
7.53961e-05
7.51853e-05
7.49751e-05
7.47654e-05
7.45562e-05
7.43475e-05
7.41393e-05
7.39316e-05
7.37244e-05
7.35178e-05
7.33116e-05
7.31059e-05
7.29008e-05
7.26961e-05
7.24919e-05
7.22883e-05
7.20851e-05
7.18825e-05
7.16803e-05
7.14786e-05
7.12774e-05
7.10768e-05
7.08766e-05
7.06769e-05
7.04777e-05
7.0279e-05
7.00807e-05
6.9883e-05
6.96858e-05
6.9489e-05
6.92927e-05
6.9097e-05
6.89017e-05
6.87069e-05
6.85125e-05
6.83187e-05
6.81253e-05
6.79325e-05
6.77401e-05
6.75482e-05
6.73567e-05
6.71658e-05
6.69753e-05
6.67853e-05
6.65957e-05
6.64067e-05
6.62181e-05
6.603e-05
6.58424e-05
6.56552e-05
6.54685e-05
6.52823e-05
6.50965e-05
6.49113e-05
6.47264e-05
6.45421e-05
6.43582e-05
6.41748e-05
6.39919e-05
6.38094e-05
6.36273e-05
6.34458e-05
6.32647e-05
6.3084e-05
6.29039e-05
6.27241e-05
6.25449e-05
6.23661e-05
6.21877e-05
6.20098e-05
6.18323e-05
6.16553e-05
6.14788e-05
6.13027e-05
6.11271e-05
6.09519e-05
6.07771e-05
6.06028e-05
6.0429e-05
6.02556e-05
6.00826e-05
5.99101e-05
5.97381e-05
5.95665e-05
5.93953e-05
5.92245e-05
5.90542e-05
5.88844e-05
5.87149e-05
5.8546e-05
5.83774e-05
5.82094e-05
5.80416e-05
5.78745e-05
5.77076e-05
5.75414e-05
5.73753e-05
5.721e-05
5.70447e-05
5.68803e-05
5.67158e-05
5.65523e-05
5.63887e-05
5.6226e-05
5.60632e-05
5.59015e-05
5.57394e-05
5.55786e-05
5.54174e-05
5.52574e-05
5.5097e-05
5.49379e-05
5.47783e-05
5.46201e-05
5.44612e-05
5.43039e-05
5.41459e-05
5.39894e-05
5.38321e-05
5.36765e-05
5.35201e-05
5.33653e-05
5.32096e-05
5.30558e-05
5.29009e-05
5.27478e-05
5.25937e-05
5.24415e-05
5.22882e-05
5.21368e-05
5.19842e-05
5.18338e-05
5.16819e-05
5.15323e-05
5.13812e-05
5.12324e-05
5.10821e-05
5.09342e-05
5.07846e-05
5.06375e-05
5.04886e-05
5.03423e-05
5.01943e-05
5.00488e-05
4.99015e-05
4.97569e-05
4.96102e-05
4.94664e-05
4.93205e-05
4.91776e-05
4.90324e-05
4.88902e-05
4.87458e-05
4.86044e-05
4.84608e-05
4.83202e-05
4.81772e-05
4.80375e-05
4.78952e-05
4.77563e-05
4.76148e-05
4.74766e-05
4.73358e-05
4.71984e-05
4.70583e-05
4.69217e-05
4.67824e-05
4.66465e-05
4.65079e-05
4.63728e-05
4.62349e-05
4.61006e-05
4.59634e-05
4.58358e-05
4.57014e-05
4.55698e-05
4.54339e-05
4.53026e-05
4.51671e-05
4.5036e-05
4.49007e-05
4.47699e-05
4.46343e-05
4.44999e-05
4.43656e-05
4.4235e-05
4.41041e-05
4.39743e-05
4.38441e-05
4.3715e-05
4.35855e-05
4.34571e-05
4.33282e-05
4.32007e-05
4.30725e-05
4.29458e-05
4.28181e-05
4.26923e-05
4.25652e-05
4.24402e-05
4.23137e-05
4.21894e-05
4.20636e-05
4.19403e-05
4.18148e-05
4.16925e-05
4.15674e-05
4.14459e-05
4.13214e-05
4.12005e-05
4.10767e-05
4.09564e-05
4.08334e-05
4.07137e-05
4.05914e-05
4.04723e-05
4.03507e-05
4.02322e-05
4.01114e-05
3.99934e-05
3.98733e-05
3.97561e-05
3.96366e-05
3.95201e-05
3.94012e-05
3.92853e-05
3.91671e-05
3.90519e-05
3.89342e-05
3.88197e-05
3.87027e-05
3.85888e-05
3.84724e-05
3.83593e-05
3.82435e-05
3.81309e-05
3.80158e-05
3.79039e-05
3.77894e-05
3.76782e-05
3.75643e-05
3.74537e-05
3.73404e-05
3.72305e-05
3.71178e-05
3.70084e-05
3.68964e-05
3.67876e-05
3.66762e-05
3.6568e-05
3.64573e-05
3.63497e-05
3.62396e-05
3.61325e-05
3.60231e-05
3.59167e-05
3.58078e-05
3.5702e-05
3.55938e-05
3.54885e-05
3.53809e-05
3.52763e-05
3.51692e-05
3.50652e-05
3.49588e-05
3.48553e-05
3.47495e-05
3.46467e-05
3.45414e-05
3.44391e-05
3.43344e-05
3.42328e-05
3.41286e-05
3.40276e-05
3.39241e-05
3.38236e-05
3.37206e-05
3.36207e-05
3.35182e-05
3.34189e-05
3.33171e-05
3.32183e-05
3.31171e-05
3.30189e-05
3.29182e-05
3.28206e-05
3.27205e-05
3.26234e-05
3.25238e-05
3.24273e-05
3.23283e-05
3.22324e-05
3.21339e-05
3.20385e-05
3.19405e-05
3.18457e-05
3.17483e-05
3.16541e-05
3.15572e-05
3.14635e-05
3.13672e-05
3.1274e-05
3.11782e-05
3.10855e-05
3.09903e-05
3.08982e-05
3.08035e-05
3.07119e-05
3.06177e-05
3.05266e-05
3.0433e-05
3.03425e-05
3.02494e-05
3.01593e-05
3.00668e-05
2.99773e-05
2.98853e-05
2.97963e-05
2.97048e-05
2.96163e-05
2.95253e-05
2.94373e-05
2.93469e-05
2.92594e-05
2.91695e-05
2.90825e-05
2.89931e-05
2.89066e-05
2.88201e-05
2.87337e-05
2.86453e-05
2.85593e-05
2.84712e-05
2.83861e-05
2.82987e-05
2.8214e-05
2.81271e-05
2.80429e-05
2.79564e-05
2.78727e-05
2.77867e-05
2.77035e-05
2.76179e-05
2.75352e-05
2.74502e-05
2.7368e-05
2.72835e-05
2.72018e-05
2.7118e-05
2.70366e-05
2.69534e-05
2.68724e-05
2.67898e-05
2.67093e-05
2.66271e-05
2.65471e-05
2.64654e-05
2.63859e-05
2.63046e-05
2.62256e-05
2.61448e-05
2.60662e-05
2.59858e-05
2.59077e-05
2.58278e-05
2.57502e-05
2.56707e-05
2.55936e-05
2.55146e-05
2.54379e-05
2.53593e-05
2.52831e-05
2.52049e-05
2.51291e-05
2.50515e-05
2.49761e-05
2.48989e-05
2.4824e-05
2.47472e-05
2.46727e-05
2.45963e-05
2.45223e-05
2.44464e-05
2.43728e-05
2.42973e-05
2.42242e-05
2.41492e-05
2.40765e-05
2.40018e-05
2.39296e-05
2.38554e-05
2.37835e-05
2.37098e-05
2.36383e-05
2.3565e-05
2.3494e-05
2.34211e-05
2.33505e-05
2.3278e-05
2.32078e-05
2.31358e-05
2.3066e-05
2.29944e-05
2.29251e-05
2.28538e-05
2.27849e-05
2.27141e-05
2.26455e-05
2.25751e-05
2.2507e-05
2.2437e-05
2.23693e-05
2.22997e-05
2.22324e-05
2.21632e-05
2.20963e-05
2.20275e-05
2.19609e-05
2.18926e-05
2.18264e-05
2.17585e-05
2.16927e-05
2.16252e-05
2.15598e-05
2.14926e-05
2.14276e-05
2.13609e-05
2.12963e-05
2.12299e-05
2.11657e-05
2.10997e-05
2.10358e-05
2.09703e-05
2.09068e-05
2.08416e-05
2.07785e-05
2.07137e-05
2.0651e-05
2.05865e-05
2.05242e-05
2.04601e-05
2.03981e-05
2.03345e-05
2.02728e-05
2.02096e-05
2.01484e-05
2.00854e-05
2.00245e-05
1.9962e-05
1.99014e-05
1.98393e-05
1.97791e-05
1.97173e-05
1.96574e-05
1.9596e-05
1.95365e-05
1.94754e-05
1.94163e-05
1.93556e-05
1.92969e-05
1.92365e-05
1.91781e-05
1.91181e-05
1.906e-05
1.90004e-05
1.89426e-05
1.88834e-05
1.8826e-05
1.8767e-05
1.871e-05
1.86514e-05
1.85947e-05
1.85365e-05
1.84801e-05
1.84222e-05
1.83662e-05
1.83086e-05
1.82529e-05
1.81957e-05
1.81403e-05
1.80835e-05
1.80285e-05
1.79719e-05
1.79172e-05
1.7861e-05
1.78067e-05
1.77508e-05
1.76968e-05
1.76412e-05
1.75875e-05
1.75323e-05
1.74789e-05
1.74241e-05
1.7371e-05
1.73164e-05
1.72637e-05
1.72095e-05
1.7157e-05
1.71031e-05
1.7051e-05
1.69974e-05
1.69456e-05
1.68924e-05
1.68408e-05
1.67879e-05
1.67367e-05
1.66841e-05
1.66332e-05
1.65809e-05
1.65303e-05
1.64784e-05
1.64281e-05
1.63764e-05
1.63264e-05
1.62751e-05
1.62254e-05
1.61743e-05
1.61249e-05
1.60742e-05
1.60251e-05
1.59747e-05
1.59259e-05
1.58757e-05
1.58272e-05
1.57774e-05
1.57292e-05
1.56796e-05
1.56317e-05
1.55825e-05
1.55348e-05
1.54859e-05
1.54385e-05
1.53899e-05
1.53428e-05
1.52945e-05
1.52477e-05
1.51996e-05
1.51531e-05
1.51054e-05
1.50591e-05
1.50116e-05
1.49657e-05
1.49185e-05
1.48728e-05
1.48259e-05
1.47805e-05
1.47339e-05
1.46887e-05
1.46424e-05
1.45975e-05
1.45515e-05
1.45069e-05
1.44611e-05
1.44168e-05
1.43713e-05
1.43273e-05
1.42821e-05
1.42383e-05
1.41933e-05
1.41498e-05
1.41051e-05
1.40618e-05
1.40174e-05
1.39744e-05
1.39303e-05
1.38876e-05
1.38437e-05
1.38012e-05
1.37576e-05
1.37154e-05
1.3672e-05
1.36301e-05
1.3587e-05
1.35453e-05
1.35025e-05
1.3461e-05
1.34184e-05
1.33772e-05
1.33349e-05
1.32939e-05
1.32519e-05
1.32112e-05
1.31694e-05
1.31289e-05
1.30874e-05
1.30472e-05
1.30059e-05
1.29659e-05
1.29249e-05
1.28851e-05
1.28444e-05
1.28049e-05
1.27643e-05
1.27251e-05
1.26848e-05
1.26458e-05
1.26057e-05
1.2567e-05
1.25272e-05
1.24886e-05
1.24496e-05
1.24102e-05
1.2372e-05
1.23328e-05
1.22948e-05
1.22559e-05
1.22181e-05
1.218e-05
1.21414e-05
1.2104e-05
1.20656e-05
1.20284e-05
1.19909e-05
1.19528e-05
1.1916e-05
1.18782e-05
1.18416e-05
1.18041e-05
1.17677e-05
1.17304e-05
1.16943e-05
1.16572e-05
1.16212e-05
1.15849e-05
1.15481e-05
1.15125e-05
1.14765e-05
1.14401e-05
1.14048e-05
1.13691e-05
1.1333e-05
1.12981e-05
1.12622e-05
1.12275e-05
1.11923e-05
1.11568e-05
1.11223e-05
1.1087e-05
1.10528e-05
1.10177e-05
1.09837e-05
1.09493e-05
1.09145e-05
1.08808e-05
1.08462e-05
1.08127e-05
1.07784e-05
1.07451e-05
1.07109e-05
1.06779e-05
1.06444e-05
1.06106e-05
1.05778e-05
1.05441e-05
1.05115e-05
1.04781e-05
1.04457e-05
1.0413e-05
1.03799e-05
1.03478e-05
1.03149e-05
1.0283e-05
1.02507e-05
1.02181e-05
1.01865e-05
1.01546e-05
1.01223e-05
1.0091e-05
1.00593e-05
1.00273e-05
9.99631e-06
9.96494e-06
9.93323e-06
9.9025e-06
9.87142e-06
9.84e-06
9.80955e-06
9.77876e-06
9.74762e-06
9.71746e-06
9.68651e-06
9.65653e-06
9.62621e-06
9.59555e-06
9.56584e-06
9.53537e-06
9.50585e-06
9.47599e-06
9.4458e-06
9.41655e-06
9.38655e-06
9.35748e-06
9.32807e-06
9.29834e-06
9.26954e-06
9.24041e-06
9.21095e-06
9.18241e-06
9.15314e-06
9.12478e-06
9.09609e-06
9.06709e-06
9.03899e-06
9.01057e-06
8.98183e-06
8.95399e-06
8.92583e-06
8.89736e-06
8.86978e-06
8.84187e-06
8.81367e-06
8.78634e-06
8.7587e-06
8.73075e-06
8.70368e-06
8.67629e-06
8.6486e-06
8.62177e-06
8.59464e-06
8.56721e-06
8.54063e-06
8.51374e-06
8.48657e-06
8.46023e-06
8.4336e-06
8.40667e-06
8.38058e-06
8.35419e-06
8.32752e-06
8.30167e-06
8.27553e-06
8.24947e-06
8.22312e-06
8.19759e-06
8.17176e-06
8.14566e-06
8.12036e-06
8.09478e-06
8.06927e-06
8.04349e-06
8.0185e-06
7.99323e-06
7.96769e-06
7.94294e-06
7.9179e-06
7.89294e-06
7.86771e-06
7.84326e-06
7.81854e-06
7.79389e-06
7.76897e-06
7.74482e-06
7.7204e-06
7.69572e-06
7.67179e-06
7.6476e-06
7.62314e-06
7.59944e-06
7.57547e-06
7.55157e-06
7.52742e-06
7.50401e-06
7.48034e-06
7.4564e-06
7.43321e-06
7.40976e-06
7.38638e-06
7.36274e-06
7.33984e-06
7.31667e-06
7.29326e-06
7.27057e-06
7.24762e-06
7.22442e-06
7.20193e-06
7.1792e-06
7.15621e-06
7.13394e-06
7.11142e-06
7.08865e-06
7.06658e-06
7.04427e-06
7.02202e-06
6.99953e-06
6.97774e-06
6.9557e-06
6.93374e-06
6.91184e-06
6.8897e-06
6.86824e-06
6.84654e-06
6.82461e-06
6.80335e-06
6.78185e-06
6.76042e-06
6.73876e-06
6.71777e-06
6.69654e-06
6.67537e-06
6.65398e-06
6.63325e-06
6.61228e-06
6.59138e-06
6.57025e-06
6.54978e-06
6.52907e-06
6.50843e-06
6.48756e-06
6.46734e-06
6.44689e-06
6.4265e-06
6.4059e-06
6.38593e-06
6.36573e-06
6.3456e-06
6.32525e-06
6.30553e-06
6.28558e-06
6.26569e-06
6.24587e-06
6.22584e-06
6.20642e-06
6.18678e-06
6.1672e-06
6.14769e-06
6.12797e-06
6.10885e-06
6.08952e-06
6.07025e-06
6.05104e-06
6.03162e-06
6.0128e-06
5.99377e-06
5.9748e-06
5.95588e-06
5.93677e-06
5.91824e-06
5.8995e-06
5.88083e-06
5.86221e-06
5.84364e-06
5.82488e-06
5.8067e-06
5.78831e-06
5.76998e-06
5.7517e-06
5.73348e-06
5.71507e-06
5.69723e-06
5.67918e-06
5.66119e-06
5.64325e-06
5.62538e-06
5.60755e-06
5.58954e-06
5.57208e-06
5.55443e-06
5.53683e-06
5.51928e-06
5.50179e-06
5.48436e-06
5.46698e-06
5.44941e-06
5.43239e-06
5.41517e-06
5.39801e-06
5.3809e-06
5.36384e-06
5.34684e-06
5.32989e-06
5.31299e-06
5.29592e-06
5.27936e-06
5.26262e-06
5.24594e-06
5.2293e-06
5.21272e-06
5.19619e-06
5.17971e-06
5.16329e-06
5.14691e-06
5.13059e-06
5.11409e-06
5.0981e-06
5.08193e-06
5.06581e-06
5.04974e-06
5.03372e-06
5.01775e-06
5.00183e-06
4.98596e-06
4.97014e-06
4.95437e-06
4.93865e-06
4.92298e-06
4.90736e-06
4.89157e-06
4.87627e-06
4.86079e-06
4.84537e-06
4.82999e-06
4.81466e-06
4.79937e-06
4.78414e-06
4.76895e-06
4.75382e-06
4.73873e-06
4.72368e-06
4.70869e-06
4.69374e-06
4.67883e-06
4.66398e-06
4.64917e-06
4.63441e-06
4.61969e-06
4.60502e-06
4.5904e-06
4.57582e-06
4.56129e-06
4.5468e-06
4.53236e-06
4.51796e-06
4.50361e-06
4.48931e-06
4.47505e-06
4.46083e-06
4.44666e-06
4.43253e-06
4.41845e-06
4.40442e-06
4.39042e-06
4.37647e-06
4.36257e-06
4.3487e-06
4.33489e-06
4.32111e-06
4.30738e-06
4.29369e-06
4.28005e-06
4.26644e-06
4.25288e-06
4.23937e-06
4.22589e-06
4.21246e-06
4.19907e-06
4.18572e-06
4.17242e-06
4.15916e-06
4.14593e-06
4.13275e-06
4.11962e-06
4.10652e-06
4.09347e-06
4.08045e-06
4.06748e-06
4.05454e-06
4.04165e-06
4.0288e-06
4.01599e-06
4.00321e-06
3.99048e-06
3.97779e-06
3.96513e-06
3.95252e-06
3.93994e-06
3.92741e-06
3.91492e-06
3.90246e-06
3.89005e-06
3.87767e-06
3.86534e-06
3.85304e-06
3.84078e-06
3.82856e-06
3.81638e-06
3.80424e-06
3.79213e-06
3.78007e-06
3.76804e-06
3.75605e-06
3.7441e-06
3.73218e-06
3.7203e-06
3.70846e-06
3.69666e-06
3.6849e-06
3.67317e-06
3.66148e-06
3.64982e-06
3.6382e-06
3.62662e-06
3.61508e-06
3.60357e-06
3.5921e-06
3.58066e-06
3.56926e-06
3.5579e-06
3.54657e-06
3.53528e-06
3.52402e-06
3.5128e-06
3.50161e-06
3.49046e-06
3.47935e-06
3.46827e-06
3.45722e-06
3.44621e-06
3.43524e-06
3.4243e-06
3.41339e-06
3.40252e-06
3.39168e-06
3.38088e-06
3.37011e-06
3.35938e-06
3.34868e-06
3.33801e-06
3.32737e-06
3.31677e-06
3.30621e-06
3.29567e-06
3.28517e-06
3.27471e-06
3.26427e-06
3.25387e-06
3.24351e-06
3.23317e-06
3.22287e-06
3.2126e-06
3.20236e-06
3.19216e-06
3.18198e-06
3.17184e-06
3.16173e-06
3.15166e-06
3.14161e-06
3.1316e-06
3.12162e-06
3.11167e-06
3.10175e-06
3.09186e-06
3.08201e-06
3.07218e-06
3.06239e-06
3.05262e-06
3.04289e-06
3.03319e-06
3.02352e-06
3.01388e-06
3.00427e-06
2.99469e-06
2.98514e-06
2.97563e-06
2.96614e-06
2.95668e-06
2.94725e-06
2.93785e-06
2.92848e-06
2.91915e-06
2.90984e-06
2.90056e-06
2.8913e-06
2.88208e-06
2.87289e-06
2.86373e-06
2.85459e-06
2.84549e-06
2.83641e-06
2.82736e-06
2.81834e-06
2.80935e-06
2.80039e-06
2.79146e-06
2.78255e-06
2.77367e-06
2.76948e-06
2.75982e-06
2.75052e-06
2.7415e-06
2.73251e-06
2.72355e-06
2.71463e-06
2.70577e-06
2.69695e-06
2.68816e-06
2.6794e-06
2.67067e-06
2.66197e-06
2.6533e-06
2.64468e-06
2.63608e-06
2.62751e-06
2.61898e-06
2.61048e-06
2.60202e-06
2.59359e-06
2.5852e-06
2.57685e-06
2.56853e-06
2.56025e-06
2.552e-06
2.54379e-06
2.53562e-06
2.52748e-06
2.51938e-06
2.51131e-06
2.50328e-06
2.49528e-06
2.48731e-06
2.47938e-06
2.47147e-06
2.4636e-06
2.45575e-06
2.44793e-06
2.44013e-06
2.43236e-06
2.42462e-06
2.41691e-06
2.40921e-06
2.40155e-06
2.3939e-06
2.38629e-06
2.37869e-06
2.37112e-06
2.36358e-06
2.35606e-06
2.34856e-06
2.34109e-06
2.33365e-06
2.32622e-06
2.31882e-06
2.31143e-06
2.30407e-06
2.29674e-06
2.28943e-06
2.28214e-06
2.27488e-06
2.26764e-06
2.26043e-06
2.25323e-06
2.24606e-06
2.23891e-06
2.23178e-06
2.22469e-06
2.21761e-06
2.21055e-06
2.20352e-06
2.1965e-06
2.18951e-06
2.18254e-06
2.17558e-06
2.16865e-06
2.16174e-06
2.15486e-06
2.14799e-06
2.14114e-06
2.13432e-06
2.12751e-06
2.12073e-06
2.11396e-06
2.10722e-06
2.10051e-06
2.09381e-06
2.08713e-06
2.08047e-06
2.07384e-06
2.06722e-06
2.06062e-06
2.05404e-06
2.04748e-06
2.04094e-06
2.03443e-06
2.02793e-06
2.02145e-06
2.015e-06
2.00856e-06
2.00214e-06
1.99575e-06
1.98937e-06
1.98301e-06
1.97668e-06
1.97036e-06
1.96407e-06
1.95779e-06
1.95153e-06
1.9453e-06
1.93908e-06
1.93288e-06
1.9267e-06
1.92055e-06
1.91441e-06
1.90829e-06
1.90219e-06
1.89611e-06
1.89004e-06
1.884e-06
1.87798e-06
1.87197e-06
1.86599e-06
1.86002e-06
1.85407e-06
1.84815e-06
1.84224e-06
1.83634e-06
1.83047e-06
1.82462e-06
1.81878e-06
1.81296e-06
1.80717e-06
1.80139e-06
1.79562e-06
1.78988e-06
1.78415e-06
1.77845e-06
1.77276e-06
1.76709e-06
1.76143e-06
1.7558e-06
1.75018e-06
1.74458e-06
1.739e-06
1.73343e-06
1.72789e-06
1.72236e-06
1.71685e-06
1.71135e-06
1.70587e-06
1.70042e-06
1.69497e-06
1.68955e-06
1.68414e-06
1.67875e-06
1.67338e-06
1.66802e-06
1.66268e-06
1.65736e-06
1.65205e-06
1.64677e-06
1.64149e-06
1.63624e-06
1.631e-06
1.62578e-06
1.62058e-06
1.61539e-06
1.61022e-06
1.60506e-06
1.59992e-06
1.5948e-06
1.58969e-06
1.5846e-06
1.57953e-06
1.57447e-06
1.56943e-06
1.5644e-06
1.55939e-06
1.5544e-06
1.54942e-06
1.54446e-06
1.53951e-06
1.53458e-06
1.52967e-06
1.52477e-06
1.51989e-06
1.51502e-06
1.51017e-06
1.50533e-06
1.50051e-06
1.4957e-06
1.49091e-06
1.48614e-06
1.48138e-06
1.47663e-06
1.4719e-06
1.46718e-06
1.46248e-06
1.4578e-06
1.45313e-06
1.44847e-06
1.44383e-06
1.43921e-06
1.4346e-06
1.43e-06
1.42542e-06
1.42085e-06
1.4163e-06
1.41176e-06
1.40724e-06
1.40273e-06
1.39824e-06
1.39376e-06
1.38929e-06
1.38484e-06
1.3804e-06
1.37598e-06
1.37157e-06
1.36718e-06
1.36279e-06
1.35843e-06
1.35407e-06
1.34974e-06
1.34541e-06
1.3411e-06
1.3368e-06
1.33252e-06
1.32825e-06
1.32399e-06
1.31975e-06
1.31552e-06
1.3113e-06
1.3071e-06
1.30291e-06
1.29873e-06
1.29457e-06
1.29042e-06
1.28628e-06
1.28216e-06
1.27805e-06
1.27396e-06
1.26987e-06
1.2658e-06
1.26174e-06
1.2577e-06
1.25367e-06
1.24965e-06
1.24564e-06
1.24165e-06
1.23767e-06
1.2337e-06
1.22975e-06
1.2258e-06
1.22187e-06
1.21796e-06
1.21405e-06
1.21016e-06
1.20628e-06
1.20241e-06
1.19856e-06
1.19471e-06
1.19088e-06
1.18706e-06
1.18326e-06
1.17946e-06
1.17568e-06
1.17191e-06
1.16816e-06
1.16441e-06
1.16068e-06
1.15695e-06
1.15324e-06
1.14955e-06
1.14586e-06
1.14218e-06
1.13852e-06
1.13487e-06
1.13123e-06
1.1276e-06
1.12399e-06
1.12038e-06
1.11679e-06
1.11321e-06
1.10964e-06
1.10608e-06
1.10253e-06
1.099e-06
1.09547e-06
1.09196e-06
1.08845e-06
1.08496e-06
1.08148e-06
1.07802e-06
1.07456e-06
1.07111e-06
1.06768e-06
1.06425e-06
1.06084e-06
1.05744e-06
1.05404e-06
1.05066e-06
1.04729e-06
1.04393e-06
1.04058e-06
1.03724e-06
1.03392e-06
1.0306e-06
1.02729e-06
1.024e-06
1.02071e-06
1.01744e-06
1.01417e-06
1.01092e-06
1.00768e-06
1.00444e-06
1.00122e-06
9.98009e-07
9.94807e-07
9.91615e-07
9.88433e-07
9.85262e-07
9.821e-07
9.78949e-07
9.75808e-07
9.72677e-07
9.69556e-07
9.66445e-07
9.63344e-07
9.60252e-07
9.57171e-07
9.541e-07
9.51038e-07
9.47986e-07
9.44944e-07
9.41912e-07
9.38889e-07
9.35876e-07
9.32873e-07
9.29881e-07
9.269e-07
9.23926e-07
9.20961e-07
9.18006e-07
9.1506e-07
