0.524926
0.514534
0.513019
0.509912
0.505507
0.512376
0.507758
0.504795
0.501979
0.515192
0.507326
0.504927
0.50447
0.509449
0.510236
0.505124
0.510085
0.506599
0.520142
0.504942
0.502143
0.510518
0.529501
0.509733
0.506995
0.502548
0.504938
0.50475
0.508997
0.507074
0.506367
0.508356
0.507705
0.501902
0.520542
0.522885
0.506634
0.520263
0.510414
0.510176
0.507979
0.501782
0.507425
0.502876
0.500857
0.51615
0.520672
0.506157
0.538429
0.549679
0.555505
0.519577
0.542757
0.496802
0.50523
0.498519
0.505511
0.499804
0.498191
0.494802
0.499568
0.4966
0.508908
0.488553
0.503177
0.497402
0.498013
0.491917
0.509495
0.489817
0.501539
0.491897
0.509474
0.498244
0.497717
0.489571
0.50348
0.50999
0.495396
0.499969
0.502158
0.49567
0.496363
0.501889
0.50032
0.50101
0.508899
0.496838
0.498622
0.494678
0.501347
0.495107
0.503402
0.498287
0.50969
0.510612
0.503782
0.497728
0.502636
0.497887
0.501998
0.493073
0.491351
0.492953
0.503773
0.499432
0.499119
0.495894
0.502889
0.500672
0.501307
0.490865
0.494753
0.497057
0.500861
0.502552
0.50198
0.494466
0.497546
0.496242
0.498445
0.50653
0.496347
0.501521
0.495996
0.506934
0.498427
0.50571
0.494946
0.509019
0.496487
0.503676
0.491257
0.496624
0.497241
0.512329
0.491482
0.499152
0.495097
0.498767
0.499748
0.516203
0.496785
0.506231
0.497407
0.492461
0.495555
0.504593
0.48692
0.498263
0.491334
0.504492
0.496645
0.493114
0.500284
0.504557
0.491104
0.493588
0.50632
0.499963
0.494846
0.507252
0.49949
0.509386
0.499549
0.491908
0.488876
0.504262
0.488385
0.500277
0.493497
0.506994
0.48777
0.497383
0.494875
0.48878
0.500576
0.495958
0.482488
0.494621
0.495403
0.491386
0.48976
0.499824
0.484771
0.489997
0.488426
0.492371
0.487433
0.48653
0.499477
0.492466
0.492748
0.487342
0.494972
0.485325
0.481483
0.481621
0.492515
0.483907
0.488694
0.488598
0.489967
0.494935
0.487234
0.491049
0.496072
0.48664
0.494345
0.488141
0.500263
0.495694
0.486235
0.49266
0.494015
0.499141
0.490408
0.49389
0.485171
0.495252
0.482549
0.500244
0.488999
0.48738
0.485247
0.489514
0.490694
0.48865
0.496565
0.50044
0.501659
0.493861
0.499824
0.494733
0.498475
0.493315
0.502992
0.491127
0.497648
0.497331
0.496193
0.497519
0.492153
0.502843
0.510796
0.488529
0.495823
0.48583
0.509739
0.505817
0.488326
0.499466
0.49687
0.489991
0.494152
0.486527
0.491819
0.489077
0.489124
0.486106
0.493749
0.494874
0.492961
0.499695
0.495511
0.495438
0.499147
0.487671
0.49655
0.484591
0.504728
0.488528
0.493687
0.501077
0.492695
0.497771
0.494355
0.490276
0.497212
0.492905
0.49713
0.491472
0.492448
0.492364
0.501183
0.493365
0.507304
0.499137
0.491077
0.494463
0.497037
0.4874
0.488557
0.492111
0.493607
0.493293
0.491269
0.500651
0.488838
0.488304
0.491431
0.503937
0.489677
0.497244
0.495262
0.491625
0.485745
0.488182
0.497132
0.519113
0.510592
0.530207
0.54779
0.528293
0.491474
0.483558
0.50299
0.499731
0.498516
0.496639
0.50161
0.500942
0.495013
0.490471
0.499687
0.491113
0.495917
0.491307
0.497093
0.494029
0.494715
0.49492
0.498725
0.500509
0.496032
0.49136
0.497755
0.491563
0.487311
0.4922
0.496903
0.491628
0.498009
0.489749
0.498587
0.487628
0.497765
0.493973
0.496182
0.493944
0.493434
0.496782
0.493138
0.501142
0.488955
0.496148
0.487456
0.499936
0.493026
0.500478
0.493363
0.501763
0.495815
0.491504
0.501417
0.495257
0.500032
0.49828
0.489021
0.492783
0.494908
0.499029
0.495209
0.493461
0.497082
0.496633
0.491456
0.491497
0.49018
0.494214
0.487873
0.487056
0.496529
0.493728
0.490902
0.491407
0.490714
0.490331
0.503838
0.494181
0.487005
0.491213
0.496414
0.493686
0.493979
0.491928
0.502655
0.503015
0.489583
0.491459
0.491779
0.496404
0.490909
0.498375
0.494916
0.499069
0.503433
0.488942
0.500638
0.49034
0.492601
0.496185
0.492108
0.503729
0.505134
0.492729
0.494689
0.512764
0.496854
0.492813
0.502592
0.494099
0.490823
0.489002
0.494664
0.496141
0.492682
0.500729
0.48713
0.492704
0.493743
0.497708
0.493527
0.49358
0.490763
0.486924
0.503359
0.492297
0.495197
0.492415
0.491008
0.495684
0.492983
0.492029
0.494044
0.496097
0.491726
0.482849
0.49625
0.495218
0.494416
0.505859
0.50776
0.496815
0.487435
0.489897
0.490003
0.497523
0.486948
0.495582
0.492061
0.485842
0.48271
0.489694
0.489566
0.496818
0.496477
0.490803
0.497985
0.490734
0.511825
0.497403
0.492165
0.496898
0.491351
0.48959
0.495209
0.494529
0.49457
0.489385
0.498737
0.49031
0.499088
0.494053
0.488137
0.490575
0.49299
0.492126
0.494312
0.495268
0.496587
0.486615
0.495232
0.495522
0.490254
0.486618
0.495971
0.490274
0.506925
0.487557
0.484953
0.486489
0.49721
0.502842
0.489977
0.500727
0.491797
0.483306
0.483815
0.496877
0.488241
0.478265
0.485729
0.491122
0.489903
0.491619
0.481978
0.50006
0.498161
0.490852
0.49593
0.50176
0.509705
0.493609
0.485237
0.488228
0.485216
0.494788
0.485887
0.495744
0.486853
0.49839
0.48778
0.487107
0.496566
0.487364
0.495288
0.482883
0.478804
0.491806
0.496269
0.485528
0.487759
0.486924
0.499918
0.489569
0.489232
0.499595
0.483197
0.490993
0.49356
0.493695
0.494087
0.485841
0.494372
0.478774
0.482669
0.488483
0.483637
0.487302
0.496084
0.497412
0.487737
0.488747
0.480621
0.483268
0.488972
0.485884
0.493136
0.481379
0.484192
0.489927
0.484486
0.496295
0.483511
0.486417
0.490165
0.483023
0.480241
0.478966
0.481927
0.484274
0.487703
0.480968
0.481659
0.481131
0.48782
0.485991
0.486152
0.487447
0.4808
0.486892
0.483051
0.488299
0.480537
0.48882
0.473227
0.486729
0.482843
0.477736
0.476769
0.486145
0.487416
0.478251
0.475413
0.491319
0.477948
0.483302
0.483956
0.484684
0.488376
0.479638
0.485339
0.486414
0.482208
0.486898
0.481255
0.491588
0.474312
0.487207
0.478135
0.480735
0.485541
0.488288
0.485824
0.478389
0.485838
0.478314
0.489804
0.479806
0.489341
0.477488
0.478368
0.493997
0.479053
0.478517
0.494634
0.478532
0.478281
0.485321
0.48312
0.486019
0.478175
0.508817
0.496137
0.484483
0.489144
0.484205
0.487328
0.480418
0.483664
0.474061
0.484537
0.482384
0.479662
0.484092
0.482823
0.489854
0.487321
0.492265
0.482224
0.491919
0.477738
0.482585
0.482453
0.481208
0.486204
0.48693
0.481565
0.484426
0.48022
0.48797
0.48177
0.479377
0.48366
0.485032
0.480762
0.48834
0.482015
0.487794
0.483288
0.483198
0.475939
0.486669
0.483216
0.480668
0.49165
0.481777
0.487451
0.481919
0.485346
0.475395
0.487046
0.482919
0.481891
0.487468
0.482717
0.487014
0.482713
0.482795
0.476606
0.486115
0.481931
0.480459
0.490412
0.481995
0.487238
0.482735
0.482192
0.47663
0.490191
0.483308
0.48152
0.486759
0.481803
0.487471
0.483048
0.482345
0.475561
0.486352
0.482641
0.480142
0.490199
0.481636
0.487638
0.482785
0.482377
0.47521
0.485543
0.482033
0.483312
0.487664
0.482702
0.487043
0.483342
0.482241
0.475793
0.488207
0.482976
0.480322
0.489321
0.482124
0.487427
0.482876
0.482972
0.476738
0.48558
0.482555
0.480111
0.488418
0.485369
0.487726
0.48262
0.483253
0.475313
0.48663
0.48543
0.480496
0.489909
0.48196
0.487591
0.48325
0.481144
0.475478
0.490364
0.481966
0.481345
0.4879
0.483063
0.486852
0.482576
0.484011
0.478986
0.488565
0.483388
0.481477
0.48672
0.482806
0.487395
0.483106
0.488597
0.476599
0.486569
0.484263
0.480922
0.489007
0.482065
0.489969
0.48434
0.48272
0.479093
0.486488
0.484157
0.4813
0.491134
0.482162
0.488061
0.482277
0.48263
0.476452
0.487003
0.483541
0.484358
0.488167
0.482505
0.487505
0.484422
0.48374
0.47708
0.486094
0.486447
0.481552
0.488473
0.481933
0.486959
0.483462
0.482251
0.476578
0.489615
0.484037
0.481746
0.487297
0.482147
0.487914
0.483371
0.483303
0.477874
0.489155
0.483631
0.481669
0.487889
0.481725
0.487908
0.483154
0.485957
0.476533
0.487282
0.482777
0.480858
0.487057
0.483714
0.487238
0.484519
0.48379
0.476665
0.486747
0.48343
0.480774
0.490439
0.482563
0.487349
0.483032
0.482104
0.477859
0.487518
0.482753
0.482166
0.487353
0.482531
0.486752
0.483013
0.484444
0.477856
0.486876
0.486966
0.480942
0.488204
0.482774
0.487005
0.482706
0.48253
0.477294
0.486439
0.482492
0.480663
0.488151
0.484856
0.48738
0.482948
0.483369
0.476807
0.486732
0.485802
0.480908
0.488686
0.481931
0.487547
0.483245
0.484785
0.4757
0.485446
0.483033
0.481633
0.48679
0.481451
0.487091
0.483279
0.482409
0.476215
0.485905
0.483424
0.480883
0.487128
0.482088
0.489907
0.483268
0.482115
0.475411
0.486714
0.482204
0.482251
0.487639
0.481784
0.486821
0.482749
0.482065
0.47625
0.488793
0.482438
0.479806
0.487256
0.481761
0.486546
0.482279
0.480945
0.475754
0.485538
0.481369
0.480122
0.487756
0.481311
0.486648
0.481663
0.486678
0.475474
0.488463
0.482823
0.480896
0.487197
0.485725
0.487273
0.482792
0.483175
0.475871
0.486457
0.486671
0.481048
0.487384
0.480988
0.486391
0.48342
0.485674
0.476792
0.486099
0.48282
0.481105
0.486517
0.480455
0.485791
0.476821
0.484871
0.469056
0.48055
0.482497
0.480302
0.486588
0.474439
0.481347
0.478262
0.47787
0.472158
0.480028
0.479165
0.475853
0.481472
0.474731
0.483548
0.477665
0.476126
0.470438
0.479865
0.476053
0.474951
0.481438
0.479454
0.481991
0.477133
0.476353
0.471719
0.479857
0.478585
0.47555
0.484527
0.475519
0.480053
0.476949
0.475926
0.469547
0.480317
0.475401
0.474498
0.48235
0.478916
0.480376
0.476511
0.476334
0.470778
0.480113
0.477759
0.474509
0.483483
0.476154
0.482024
0.477608
0.475673
0.471313
0.480633
0.476132
0.475172
0.484222
0.475928
0.480642
0.476859
0.478263
0.471031
0.48074
0.476925
0.474752
0.483306
0.476384
0.481475
0.476428
0.476426
0.470446
0.480522
0.476081
0.475163
0.481979
0.475487
0.481177
0.477887
0.476825
0.470225
0.479214
0.476416
0.475601
0.48403
0.474834
0.481066
0.476153
0.475323
0.46949
0.4798
0.475109
0.475852
0.480891
0.47532
0.481504
0.478286
0.476026
0.4697
0.48
0.476347
0.474195
0.484204
0.475866
0.480554
0.476417
0.475229
0.469131
0.479424
0.476274
0.473388
0.481185
0.479026
0.480514
0.476476
0.476345
0.469301
0.479693
0.47616
0.473372
0.485356
0.475882
0.480583
0.476872
0.475358
0.469392
0.480333
0.476066
0.474139
0.480378
0.47615
0.480527
0.476463
0.477349
0.471151
0.482506
0.477591
0.474567
0.480483
0.475435
0.481033
0.476758
0.475876
0.469872
0.479128
0.475547
0.473812
0.48116
0.477817
0.480476
0.476472
0.476088
0.471287
0.479449
0.476927
0.475394
0.480347
0.474943
0.480312
0.475652
0.475636
0.46858
0.479513
0.475659
0.474839
0.48221
0.475491
0.479778
0.4768
0.475982
0.472018
0.479615
0.481022
0.474423
0.48249
0.474524
0.479646
0.475831
0.477676
0.468892
0.479876
0.475948
0.474507
0.481535
0.476682
0.480672
0.478059
0.476197
0.471011
0.479836
0.477703
0.47347
0.480112
0.476197
0.480371
0.476828
0.475153
0.469498
0.480666
0.476069
0.474154
0.480773
0.475441
0.481299
0.4775
0.476371
0.470491
0.479819
0.478057
0.474938
0.480564
0.47606
0.480556
0.477381
0.475658
0.469208
0.480805
0.475715
0.474149
0.483686
0.475722
0.481129
0.476009
0.477912
0.469985
0.479572
0.476259
0.475952
0.481355
0.476651
0.480054
0.476244
0.47563
0.470227
0.48002
0.479536
0.473915
0.481367
0.47529
0.480467
0.475909
0.476503
0.470458
0.480651
0.476889
0.473468
0.480979
0.474624
0.480911
0.477116
0.474924
0.468846
0.482741
0.474911
0.475133
0.480539
0.474931
0.480211
0.476684
0.476349
0.470242
0.480396
0.476106
0.474417
0.483622
0.47485
0.479875
0.476841
0.47413
0.469905
0.479614
0.475765
0.473544
0.480791
0.474954
0.483422
0.477248
0.475372
0.469594
0.478668
0.47703
0.47301
0.481145
0.475796
0.479803
0.476522
0.474649
0.465691
0.481851
0.475771
0.474346
0.480522
0.476436
0.479981
0.470823
0.475797
0.469718
0.479505
0.475999
0.4672
0.48312
0.475375
0.475271
0.470968
0.475421
0.469493
0.474618
0.476495
0.468619
0.476477
0.469258
0.475941
0.472262
0.469959
0.465181
0.478936
0.470918
0.46809
0.474329
0.468729
0.474188
0.469404
0.469803
0.463325
0.477581
0.470108
0.467631
0.47669
0.468437
0.474208
0.470825
0.472715
0.466873
0.473928
0.471815
0.469167
0.475346
0.469335
0.476726
0.471269
0.470188
0.463879
0.473334
0.470144
0.467957
0.475556
0.4692
0.474322
0.471479
0.470813
0.464034
0.477242
0.471267
0.468805
0.476012
0.470163
0.47437
0.47049
0.469324
0.466396
0.47351
0.470853
0.46749
0.474106
0.47294
0.474758
0.4709
0.470657
0.464808
0.47417
0.470142
0.467722
0.474376
0.469854
0.474727
0.471356
0.46809
0.463807
0.476438
0.472439
0.467818
0.473877
0.469912
0.474053
0.47035
0.470317
0.464993
0.474089
0.469889
0.467123
0.475254
0.469702
0.474048
0.470383
0.472089
0.464311
0.473448
0.469618
0.468007
0.474889
0.46941
0.473681
0.469691
0.470339
0.464166
0.473506
0.47004
0.46785
0.47778
0.46936
0.473888
0.470303
0.469719
0.463666
0.473539
0.469761
0.467472
0.474541
0.468653
0.474356
0.469417
0.46943
0.463853
0.473976
0.47251
0.468085
0.474838
0.468672
0.475498
0.470953
0.468446
0.463328
0.476604
0.469387
0.467597
0.474831
0.47008
0.474443
0.469991
0.469448
0.463249
0.473499
0.470527
0.467178
0.474174
0.469491
0.474062
0.470185
0.468764
0.463088
0.477463
0.469951
0.468396
0.473803
0.469092
0.474016
0.470378
0.469766
0.46378
0.473036
0.470223
0.466834
0.478022
0.469364
0.474492
0.469895
0.469241
0.46285
0.472784
0.468986
0.467154
0.47493
0.469793
0.474026
0.47151
0.470337
0.46318
0.473726
0.47066
0.467049
0.475014
0.468557
0.473474
0.469782
0.469218
0.462658
0.476323
0.469292
0.468385
0.475877
0.468104
0.473838
0.470356
0.471861
0.464991
0.472915
0.470526
0.467858
0.475785
0.468264
0.47361
0.469768
0.468052
0.463498
0.472701
0.469924
0.46698
0.47391
0.468213
0.47382
0.470537
0.46997
0.464574
0.473401
0.471143
0.467385
0.473748
0.468721
0.473631
0.469901
0.468584
0.466322
0.473181
0.468823
0.466913
0.474363
0.471637
0.472814
0.469842
0.468925
0.463837
0.473485
0.469767
0.467328
0.474176
0.469639
0.473167
0.469603
0.467645
0.46466
0.47386
0.46933
0.466958
0.473393
0.468428
0.473001
0.469472
0.469938
0.463174
0.476241
0.469301
0.468043
0.474535
0.469167
0.473533
0.46901
0.468149
0.463671
0.472837
0.468758
0.466841
0.473692
0.467701
0.473602
0.469866
0.472292
0.465496
0.473081
0.469806
0.467282
0.473812
0.467956
0.472929
0.468956
0.469098
0.462491
0.472932
0.467906
0.467595
0.478862
0.467952
0.472737
0.469185
0.470227
0.463808
0.473254
0.470352
0.468023
0.474645
0.468383
0.473767
0.471616
0.467955
0.462525
0.472741
0.471447
0.467147
0.473858
0.468255
0.474603
0.469815
0.469206
0.462053
0.473486
0.469834
0.466067
0.474207
0.469062
0.473385
0.47119
0.468892
0.462623
0.473716
0.468598
0.466561
0.474294
0.469801
0.473503
0.469429
0.470081
0.464891
0.472783
0.468932
0.466931
0.473875
0.468586
0.473231
0.469697
0.468345
0.463243
0.472862
0.46889
0.467116
0.474051
0.468681
0.47393
0.471052
0.470431
0.4655
0.473108
0.473558
0.467194
0.474753
0.468713
0.473367
0.470143
0.469369
0.463015
0.473556
0.470465
0.467738
0.475419
0.471245
0.473598
0.470212
0.470213
0.465131
0.472108
0.469788
0.468229
0.474451
0.467466
0.475718
0.470061
0.468356
0.463849
0.472856
0.469214
0.467287
0.473413
0.468043
0.473106
0.470167
0.468681
0.464753
0.473538
0.470507
0.46721
0.4736
0.468447
0.473658
0.469536
0.467877
0.462622
0.472511
0.469017
0.467742
0.477026
0.468452
0.473722
0.469724
0.469334
0.464413
0.472553
0.471027
0.467985
0.473551
0.468784
0.473159
0.46981
0.468443
0.463186
0.474036
0.469529
0.466379
0.473379
0.469038
0.47343
0.470861
0.469468
0.463192
0.47279
0.473499
0.467197
0.473224
0.468218
0.473701
0.469571
0.469156
0.46275
0.472924
0.468878
0.467076
0.474013
0.467793
0.473396
0.471381
0.470014
0.462785
0.472754
0.468511
0.468151
0.47406
0.46796
0.473106
0.46928
0.468475
0.462791
0.472375
0.468769
0.46807
0.473882
0.468647
0.473099
0.46975
0.469644
0.463359
0.473159
0.46876
0.466736
0.47347
0.467213
0.473073
0.46869
0.467418
0.462527
0.471986
0.468339
0.466482
0.473617
0.467797
0.474309
0.468863
0.469702
0.462722
0.472376
0.469184
0.466085
0.475578
0.470936
0.472394
0.468509
0.467005
0.46226
0.47252
0.468968
0.467035
0.473029
0.467235
0.472273
0.468078
0.468559
0.462218
0.472534
0.468944
0.468019
0.471907
0.467807
0.472125
0.468282
0.468021
0.462198
0.471637
0.468461
0.465328
0.473735
0.467394
0.47236
0.468495
0.471259
0.462979
0.471834
0.468963
0.466107
0.47289
0.466842
0.472825
0.468328
0.468246
0.461503
0.471425
0.468582
0.466152
0.473845
0.466863
0.472525
0.468597
0.468241
0.464028
0.471894
0.469526
0.466433
0.473188
0.467392
0.47296
0.468544
0.467073
0.461792
0.471723
0.467871
0.465538
0.475497
0.467424
0.472222
0.46912
0.467855
0.463983
0.471637
0.469456
0.467814
0.472983
0.467709
0.472388
0.467962
0.467289
0.461526
0.472057
0.467517
0.465942
0.472249
0.466812
0.472123
0.46822
0.467968
0.461684
0.471516
0.468054
0.465416
0.472163
0.467636
0.472336
0.468317
0.466438
0.461668
0.472669
0.471559
0.465679
0.472761
0.470676
0.471856
0.468419
0.468721
0.462103
0.471556
0.467884
0.467004
0.473507
0.46742
0.472365
0.467908
0.467511
0.462653
0.471787
0.469344
0.465603
0.472372
0.467418
0.472167
0.468018
0.467808
0.461966
0.471487
0.468088
0.465597
0.472311
0.466711
0.471957
0.468288
0.466972
0.461211
0.471559
0.467281
0.469165
0.472885
0.466868
0.471841
0.467814
0.468003
0.460988
0.47182
0.468491
0.467508
0.472377
0.466977
0.47223
0.468107
0.46667
0.461989
0.47185
0.467684
0.465392
0.472756
0.467271
0.472034
0.467815
0.468042
0.461517
0.471242
0.468304
0.465044
0.472819
0.469113
0.471865
0.468297
0.465935
0.461406
0.47207
0.467298
0.465395
0.472952
0.467312
0.474501
0.468592
0.468669
0.461599
0.471317
0.468368
0.465275
0.471987
0.467427
0.472063
0.468326
0.467659
0.461423
0.471334
0.467817
0.465455
0.473802
0.467167
0.472314
0.468425
0.467751
0.463566
0.471303
0.471928
0.465995
0.472986
0.466444
0.47187
0.467588
0.467522
0.461336
0.471026
0.467438
0.466029
0.473113
0.466613
0.472226
0.468095
0.468145
0.462017
0.470904
0.470923
0.468187
0.47383
0.46659
0.472071
0.468145
0.466757
0.461269
0.471291
0.468279
0.465436
0.473551
0.467266
0.472196
0.468542
0.467846
0.462959
0.471326
0.468781
0.465537
0.473034
0.467282
0.472023
0.468043
0.467092
0.461757
0.471928
0.467722
0.465845
0.471545
0.467136
0.471767
0.468429
0.468153
0.462639
0.471436
0.46815
0.465423
0.47256
0.46788
0.471918
0.468174
0.467078
0.46127
0.476527
0.467141
0.46534
0.472526
0.466774
0.47233
0.468298
0.468367
0.461848
0.47224
0.467657
0.466976
0.471952
0.467081
0.472328
0.46766
0.467417
0.460954
0.471324
0.467206
0.465547
0.4729
0.467289
0.472033
0.468243
0.467714
0.461777
0.471371
0.467908
0.466004
0.472665
0.466754
0.472246
0.467882
0.468076
0.461171
0.471182
0.467064
0.465241
0.472281
0.467186
0.471753
0.467933
0.467605
0.461138
0.47136
0.468024
0.468569
0.473999
0.466511
0.471994
0.467743
0.466985
0.460796
0.470795
0.4678
0.465087
0.471979
0.466767
0.471924
0.467658
0.468017
0.460434
0.471701
0.467888
0.465223
0.472903
0.46686
0.47137
0.468066
0.467217
0.46113
0.471406
0.467304
0.465839
0.471908
0.467078
0.472084
0.467718
0.468567
0.461221
0.47249
0.468487
0.465687
0.472267
0.467061
0.471894
0.468177
0.468646
0.461398
0.47188
0.467358
0.466252
0.47354
0.466393
0.471962
0.469036
0.471285
0.463445
0.471354
0.468758
0.465698
0.471913
0.466433
0.471565
0.467696
0.468065
0.460726
0.471291
0.469311
0.466924
0.47276
0.466199
0.471558
0.467836
0.468587
0.462978
0.471374
0.468658
0.466359
0.473776
0.466471
0.471684
0.467766
0.466882
0.461565
0.465541
0.462622
0.460538
0.466675
0.461343
0.466553
0.46282
0.462336
0.455753
0.466718
0.463446
0.460619
0.466461
0.461542
0.466412
0.462449
0.461938
0.455489
0.466083
0.461966
0.460566
0.466548
0.461789
0.468531
0.463845
0.462289
0.456585
0.466556
0.463136
0.460557
0.466785
0.461653
0.466486
0.46294
0.461751
0.455692
0.467382
0.463377
0.461448
0.466574
0.461392
0.466662
0.462567
0.463763
0.455962
0.461153
0.457018
0.45484
0.462038
0.456359
0.46162
0.459149
0.457354
0.450255
0.460476
0.457565
0.454959
0.462158
0.45732
0.461295
0.457603
0.457411
0.451006
0.460365
0.456942
0.455064
0.461423
0.456178
0.461724
0.457434
0.457766
0.450292
0.460679
0.456565
0.454384
0.461518
0.456407
0.460797
0.457029
0.460489
0.451124
0.460772
0.457969
0.455994
0.462037
0.455788
0.461344
0.457425
0.456399
0.450179
0.460895
0.45695
0.455329
0.463001
0.455875
0.461116
0.457391
0.457917
0.450676
0.461086
0.4575
0.454783
0.461628
0.456447
0.461492
0.457763
0.456574
0.45134
0.460638
0.457184
0.455508
0.461776
0.456634
0.461185
0.456944
0.458622
0.450573
0.461262
0.457537
0.45401
0.461415
0.455986
0.461092
0.457494
0.457743
0.450516
0.460625
0.456819
0.454745
0.462646
0.456028
0.461585
0.457729
0.457339
0.452936
0.460377
0.45758
0.45599
0.464325
0.455621
0.461206
0.456791
0.457547
0.450159
0.460781
0.457303
0.454975
0.461771
0.455658
0.460638
0.456675
0.458328
0.45219
0.461046
0.457889
0.456364
0.462875
0.456142
0.461042
0.457373
0.456355
0.451544
0.46066
0.457588
0.455092
0.461654
0.456362
0.46081
0.457511
0.457555
0.449877
0.460428
0.458076
0.455333
0.461533
0.456452
0.461098
0.457206
0.456856
0.450107
0.460388
0.456499
0.455061
0.461634
0.456016
0.460873
0.457426
0.457347
0.451101
0.461078
0.456938
0.454483
0.462085
0.456389
0.460795
0.456848
0.456678
0.450187
0.461599
0.460667
0.455061
0.461228
0.455681
0.461317
0.457195
0.458598
0.450689
0.461574
0.457057
0.454263
0.461247
0.455945
0.460992
0.456973
0.456742
0.451729
0.459967
0.456713
0.455455
0.461979
0.456087
0.460772
0.456509
0.457402
0.450339
0.460294
0.457853
0.454777
0.461314
0.456195
0.460428
0.457235
0.456919
0.449838
0.460875
0.456418
0.454853
0.462175
0.456298
0.461232
0.458042
0.457244
0.450953
0.461382
0.457715
0.455794
0.46213
0.456058
0.461602
0.457596
0.456703
0.45026
0.460533
0.456984
0.454958
0.461877
0.456227
0.461001
0.45719
0.457415
0.450238
0.461299
0.458084
0.454391
0.464602
0.456045
0.461036
0.45654
0.456878
0.450117
0.460474
0.459754
0.454926
0.461888
0.456457
0.461266
0.4566
0.457589
0.449956
0.460578
0.458573
0.456091
0.462292
0.456122
0.460947
0.456862
0.457834
0.450658
0.460641
0.456742
0.454707
0.462823
0.456072
0.462026
0.4577
0.457479
0.451254
0.46057
0.457591
0.454874
0.461686
0.456289
0.460929
0.456903
0.45737
0.449735
0.460339
0.457572
0.454662
0.46186
0.455899
0.460662
0.457289
0.457936
0.45186
0.460108
0.457109
0.455899
0.462562
0.455743
0.461209
0.457256
0.4562
0.451046
0.460444
0.457357
0.454845
0.461093
0.456018
0.461041
0.457853
0.460569
0.450665
0.461124
0.457892
0.455441
0.4612
0.456265
0.460773
0.457128
0.456804
0.450668
0.460593
0.456443
0.455432
0.46116
0.456142
0.461359
0.457122
0.457167
0.452141
0.460757
0.457261
0.454665
0.461416
0.456907
0.461254
0.457165
0.456569
0.450659
0.461527
0.456812
0.454548
0.461351
0.455781
0.461198
0.456995
0.467425
0.451213
0.461293
0.457102
0.455061
0.462053
0.456259
0.461238
0.457456
0.457613
0.450671
0.46055
0.456567
0.454914
0.461909
0.455801
0.460877
0.457222
0.457718
0.451116
0.460683
0.457326
0.455288
0.461674
0.456184
0.461621
0.457133
0.457812
0.449889
0.461344
0.457024
0.454923
0.462831
0.459887
0.461413
0.457006
0.457798
0.451145
0.460832
0.457285
0.456582
0.462397
0.456042
0.461626
0.45672
0.456286
0.449974
0.460812
0.456933
0.45506
0.462337
0.456554
0.46112
0.456654
0.457419
0.450079
0.460944
0.457644
0.454715
0.462005
0.456777
0.460864
0.457129
0.456845
0.450554
0.460623
0.457124
0.455741
0.462088
0.456379
0.461194
0.457087
0.458241
0.450332
0.460959
0.4573
0.454843
0.461522
0.456542
0.461352
0.457577
0.457154
0.450174
0.460751
0.456605
0.4548
0.462269
0.456432
0.461132
0.45796
0.45795
0.452498
0.46093
0.457662
0.455076
0.461705
0.456152
0.461323
0.4569
0.45816
0.449989
0.460861
0.457132
0.456105
0.464835
0.455845
0.460723
0.457011
0.457861
0.451849
0.460598
0.457457
0.456108
0.462907
0.455239
0.46107
0.456994
0.456302
0.450253
0.460336
0.457215
0.455137
0.461959
0.455956
0.460882
0.457697
0.457587
0.450323
0.460382
0.458315
0.454727
0.461387
0.455661
0.46134
0.456908
0.457079
0.450947
0.460466
0.456154
0.454703
0.46088
0.456232
0.460627
0.457747
0.457307
0.451424
0.461232
0.457431
0.454597
0.461198
0.456235
0.461419
0.457023
0.456231
0.449581
0.46091
0.456578
0.454842
0.461016
0.456342
0.460655
0.457032
0.457963
0.45065
0.460562
0.45639
0.454743
0.46136
0.455702
0.46133
0.45658
0.456527
0.450601
0.460371
0.456652
0.455135
0.462866
0.46253
0.461041
0.457124
0.457414
0.449924
0.460233
0.456987
0.455206
0.461135
0.45611
0.460996
0.456571
0.457429
0.449679
0.460223
0.456627
0.454642
0.461228
0.45615
0.460747
0.45733
0.457057
0.450377
0.46095
0.456381
0.455695
0.461401
0.455409
0.461274
0.456235
0.457261
0.449982
0.460371
0.456826
0.45442
0.461348
0.456592
0.460468
0.456649
0.457441
0.450229
0.46166
0.457367
0.454152
0.462145
0.456599
0.460929
0.4568
0.456808
0.450554
0.460416
0.456704
0.455267
0.46137
0.456004
0.461375
0.457161
0.458151
0.450467
0.460763
0.457458
0.454683
0.461016
0.455856
0.460825
0.457407
0.457942
0.450462
0.460786
0.456787
0.454614
0.462548
0.456173
0.463749
0.45875
0.457495
0.452339
0.460889
0.457961
0.455393
0.461711
0.455814
0.461176
0.457261
0.457461
0.450243
0.460571
0.456923
0.454838
0.461978
0.455612
0.460778
0.45777
0.457434
0.452015
0.460728
0.457149
0.455957
0.462233
0.455483
0.461847
0.456808
0.455717
0.451007
0.460533
0.457442
0.454565
0.461108
0.455561
0.461045
0.457183
0.457359
0.450631
0.460666
0.457984
0.455383
0.46147
0.455889
0.461027
0.456848
0.456673
0.450261
0.460757
0.455961
0.454808
0.461017
0.456063
0.460638
0.457557
0.457139
0.450587
0.461276
0.457125
0.454753
0.461479
0.456718
0.4609
0.457043
0.45608
0.450382
0.461073
0.456893
0.454598
0.461154
0.456226
0.46075
0.456985
0.457389
0.451198
0.464737
0.456768
0.454544
0.462236
0.455962
0.46203
0.457069
0.456763
0.449607
0.460896
0.456688
0.455032
0.461468
0.456258
0.461003
0.456952
0.457224
0.450361
0.460863
0.457968
0.455831
0.46179
0.456636
0.460639
0.45668
0.45704
0.449682
0.46026
0.456623
0.455315
0.461714
0.456058
0.460534
0.457108
0.45795
0.450412
0.460137
0.457037
0.456042
0.461984
0.456063
0.461113
0.457345
0.456352
0.450055
0.460314
0.456875
0.455015
0.461494
0.456261
0.460545
0.45809
0.45804
0.450926
0.46135
0.457644
0.454614
0.462426
0.456162
0.460878
0.457116
0.45666
0.451007
0.460368
0.457074
0.455217
0.461527
0.456994
0.461014
0.456704
0.457624
0.450295
0.460602
0.45769
0.454549
0.460925
0.459498
0.461446
0.456842
0.457053
0.449889
0.460215
0.456925
0.454538
0.463263
0.45631
0.461064
0.457661
0.45693
0.452429
0.460552
0.457487
0.455288
0.461655
0.455479
0.461615
0.456889
0.456937
0.449912
0.46059
0.45744
0.458378
0.462795
0.455348
0.460706
0.456784
0.457895
0.451226
0.460506
0.457609
0.456275
0.462917
0.455521
0.460808
0.457524
0.456486
0.451427
0.459931
0.457975
0.455129
0.461175
0.455973
0.461129
0.457221
0.456728
0.450949
0.460215
0.457074
0.454818
0.461114
0.456291
0.460711
0.457111
0.457617
0.450154
0.460962
0.456607
0.454806
0.460751
0.455943
0.460885
0.457595
0.45709
0.451212
0.461162
0.457658
0.454455
0.461961
0.456707
0.46108
0.457081
0.456563
0.45033
0.464775
0.457088
0.455453
0.461027
0.455264
0.461378
0.456722
0.457992
0.451251
0.460855
0.457114
0.456401
0.46155
0.455735
0.461042
0.456835
0.457054
0.450716
0.46169
0.45722
0.455013
0.461889
0.456111
0.460825
0.457149
0.457359
0.450822
0.460546
0.45834
0.454479
0.461431
0.455797
0.461131
0.456947
0.457051
0.449594
0.460447
0.456103
0.454979
0.461609
0.455472
0.46105
0.457113
0.457282
0.450048
0.460647
0.457405
0.455297
0.461206
0.455115
0.461245
0.457262
0.456473
0.449955
0.45538
0.451647
0.444002
0.450267
0.445391
0.450188
0.446723
0.44625
0.439459
0.450322
0.44689
0.444262
0.45131
0.445381
0.450112
0.445921
0.445327
0.439356
0.449898
0.446332
0.444103
0.450871
0.449217
0.451683
0.448233
0.447663
0.439434
0.449803
0.44644
0.444035
0.450525
0.445534
0.450403
0.446396
0.446969
0.439494
0.449076
0.446561
0.444079
0.451832
0.445349
0.450572
0.447242
0.446088
0.441465
0.449472
0.447033
0.443904
0.4508
0.445386
0.450433
0.446377
0.446232
0.438866
0.449996
0.446295
0.44461
0.450315
0.446818
0.450396
0.446336
0.44781
0.440689
0.449946
0.447129
0.445293
0.451673
0.444901
0.450191
0.446574
0.446074
0.440272
0.449185
0.446789
0.444339
0.450116
0.445429
0.449879
0.44665
0.446763
0.439664
0.449976
0.447768
0.444673
0.450511
0.445457
0.449881
0.445833
0.446227
0.439841
0.449603
0.445449
0.444167
0.450542
0.44528
0.449544
0.447065
0.44735
0.440962
0.449839
0.449911
0.444304
0.450352
0.445935
0.450044
0.446541
0.445828
0.439531
0.450403
0.445832
0.443948
0.450473
0.445209
0.450066
0.446754
0.447621
0.440203
0.450291
0.446164
0.445224
0.451471
0.445251
0.45031
0.445921
0.446338
0.439499
0.449829
0.445544
0.444262
0.451526
0.445185
0.450202
0.446397
0.447102
0.44002
0.449959
0.44638
0.444012
0.450658
0.444817
0.449932
0.446058
0.445939
0.439444
0.449634
0.445894
0.444428
0.450294
0.445046
0.450204
0.446342
0.446643
0.439517
0.449652
0.446501
0.444934
0.450678
0.44509
0.450803
0.446184
0.44555
0.438564
0.450031
0.445878
0.443522
0.450825
0.445476
0.449994
0.448949
0.446547
0.439208
0.450449
0.446043
0.443796
0.450939
0.445667
0.450042
0.446248
0.44839
0.439278
0.449795
0.445796
0.444436
0.450592
0.445911
0.45057
0.446365
0.447246
0.439617
0.450809
0.447021
0.444485
0.450535
0.445368
0.450109
0.44638
0.446486
0.44101
0.449648
0.445618
0.444235
0.451904
0.445299
0.45072
0.447381
0.446427
0.441974
0.450032
0.447242
0.443784
0.450634
0.445382
0.450213
0.445839
0.447219
0.439629
0.450712
0.44633
0.447041
0.451505
0.445194
0.450677
0.446208
0.447298
0.441549
0.45005
0.446833
0.445303
0.451745
0.44511
0.450722
0.446922
0.445612
0.44026
0.449484
0.446598
0.44452
0.450626
0.4455
0.45038
0.4468
0.446352
0.439876
0.449678
0.447928
0.444545
0.450564
0.445608
0.450423
0.446034
0.446158
0.43962
0.450451
0.44592
0.444219
0.451875
0.448441
0.450622
0.446646
0.446422
0.440186
0.45066
0.446835
0.443926
0.451113
0.445737
0.450246
0.446367
0.446134
0.439065
0.45124
0.446483
0.4443
0.450797
0.445421
0.450627
0.446521
0.448372
0.440263
0.450254
0.446631
0.444427
0.450911
0.44524
0.450634
0.446115
0.446381
0.439437
0.4497
0.446249
0.444102
0.451843
0.445349
0.450263
0.446764
0.445875
0.439806
0.44956
0.446367
0.444135
0.451644
0.445085
0.45031
0.446255
0.445953
0.43923
0.449699
0.445682
0.443961
0.450944
0.44491
0.45057
0.446125
0.448988
0.440064
0.450407
0.446437
0.444776
0.450968
0.444772
0.450352
0.446431
0.445558
0.439194
0.449349
0.446299
0.444723
0.451234
0.445249
0.44996
0.44642
0.446448
0.439875
0.454774
0.446542
0.443941
0.451091
0.445806
0.450134
0.446478
0.445844
0.439558
0.449868
0.446656
0.444567
0.450941
0.445523
0.449945
