9235.93
0.684623
0.68408
0.684139
0.676931
0.6836
0.679053
0.676411
0.673529
0.686446
0.67888
0.676668
0.675789
0.680518
0.682079
0.677225
0.680657
0.676902
26.4082
0.674942
34.158
0.680198
32.0716
0.67989
30.6599
0.672278
29.5865
0.673916
28.8328
0.676531
21.7953
0.677793
18.859
0.672755
26.4432
0.692901
26.4965
0.689725
26.63
0.681116
26.8011
0.67133
27.0379
0.672076
27.2809
0.686139
27.5168
0.675763
28.0269
0.740086
29.6265
0.70326
9.21764
0.66776
20.2201
0.67017
24.3101
0.67138
29.6657
0.666588
29.7929
0.667939
29.9074
0.66017
29.9433
0.670997
30.0559
0.663528
30.0095
0.662032
30.1369
0.663416
11.1363
0.670416
25.9973
0.662996
29.9184
0.684922
29.9063
0.673594
29.9673
0.668154
29.8362
0.67422
29.9015
0.67357
29.844
0.669398
29.6596
0.667215
29.5638
0.668343
27.1609
0.671075
28.8181
0.683636
28.4966
0.670035
28.2486
0.670313
27.9671
0.665596
27.7192
0.665561
27.4622
0.671701
19.1729
0.669144
35.6604
0.673115
0.673772
25.0611
0.667352
26.8396
0.673083
0.675107
30.2237
0.666928
21.9112
0.668655
0.67078
34.3001
0.669944
18.5886
0.669024
22.2895
0.671653
31.8131
0.667685
17.9177
0.669337
21.7339
0.664202
25.5703
0.670324
23.841
0.665993
24.5797
0.668126
24.3567
0.672079
24.1435
0.670865
23.9238
0.670911
23.7462
0.668129
23.4879
0.661671
23.3058
0.66523
23.0731
0.669209
22.7421
0.672994
22.563
0.664011
22.3882
0.679246
22.1192
0.668161
21.8726
0.671598
21.68
0.671969
21.4491
0.660595
14.6981
0.66092
29.0605
0.665378
24.0667
0.660141
0.669057
0.666642
28.2163
0.672192
31.4991
0.654433
2.27884
0.66701
0.663153
28.4805
0.67285
30.3839
0.661965
2.02582
0.664152
0.659575
27.2868
0.671229
29.5797
0.664953
4.09199
0.666673
0.657309
23.2995
0.653254
28.7704
0.655685
9.05472
0.660855
0.663548
16.2783
0.659115
27.9788
0.667738
17.0533
0.667409
0.659848
0.674662
19.4948
0.658258
26.9419
0.665741
14.902
0.662135
0.668088
0.657124
18.9556
0.654127
26.1233
0.660536
16.5013
0.656853
0.661381
11.6124
0.660523
16.5755
0.678116
25.1986
0.666361
9.59697
0.667183
14.6257
0.66631
16.1712
0.664075
16.0729
0.670292
16.7976
0.669987
15.063
0.675642
15.8136
0.661395
15.6877
0.658433
15.5469
0.678216
15.4453
0.67281
15.3757
0.662686
15.2911
0.659465
15.1708
0.662446
15.0644
0.659012
15.0138
0.667509
14.9371
0.67323
14.8325
0.669271
14.7503
0.66048
14.7031
0.657387
14.6135
0.661451
14.6069
0.675992
14.4724
0.670251
14.4007
0.663633
14.363
0.665802
14.2639
0.664326
10.6301
0.666028
14.0393
0.666504
21.4649
0.672919
21.198
0.667267
5.2754
0.660048
0.661066
7.80664
0.666448
14.7556
0.663795
20.743
0.661433
20.4757
0.664975
7.23502
0.662929
0.670237
0.669232
7.61628
0.659102
15.7199
0.671791
20.4279
0.704581
20.3479
0.733182
6.06704
0.670863
0.656454
0.677144
7.43078
0.671957
14.9814
0.676144
19.2116
0.667515
19.0547
0.674156
7.66608
0.668564
0.664333
0.669976
7.41636
0.667791
10.6301
0.67334
18.7057
0.669471
18.6535
0.670638
13.0082
0.660703
0.665691
0.670151
0.665177
7.42188
0.663916
11.4863
0.662082
18.1902
0.6665
18.0929
0.666905
13.257
0.669922
0.665847
0.674099
9.5882
0.669364
12.3904
0.673122
12.3541
0.675066
12.323
0.676255
14.1575
0.664435
10.5849
0.668733
12.2882
0.67147
12.3359
0.666575
12.2278
0.673586
12.2228
0.666847
12.2086
0.669635
12.1657
0.665084
12.1523
0.667682
12.1194
0.660588
12.1122
0.667576
12.0653
0.665177
12.0474
0.663808
12.0783
0.66778
12.0486
0.664508
11.9976
0.669198
11.9597
0.665671
11.9631
0.676067
11.9468
0.664731
11.9172
0.6696
11.925
0.671781
11.9126
0.673956
11.9307
0.662559
11.8927
0.664137
11.8538
0.670801
11.832
0.677302
11.837
0.665676
11.8341
0.685966
11.8863
0.665782
11.7992
0.667389
11.8449
0.662069
11.8265
0.669409
11.8221
0.673746
11.7578
0.665934
11.7576
0.670889
11.7553
0.668931
11.7713
0.660757
11.7775
0.665564
11.7671
0.665697
11.7273
0.669177
0.747754
0.666261
13.8762
0.66949
17.4867
0.656968
17.4489
0.668304
17.2881
0.67908
4.56896
0.670542
0.66054
0.663468
0.663223
0.670589
0.660562
15.0823
0.665344
17.2689
0.65645
17.1829
0.6631
17.067
0.66966
12.5733
0.673073
0.730705
0.684679
0.670969
0.665269
0.669794
7.76943
0.662869
11.3834
0.670242
15.7435
0.662646
16.9277
0.663605
16.8689
0.667973
9.96466
0.663766
0.666425
0.665592
9.42228
0.669566
16.6613
0.660132
6.33229
0.669271
0.663574
9.38373
0.669353
12.4983
0.681152
16.1923
0.656578
9.49574
0.668827
10.9956
0.661696
12.2385
0.663884
12.1543
0.655098
12.152
0.661363
12.1497
0.657396
12.1373
0.661704
12.1109
0.65367
12.1177
0.669713
12.0527
0.667724
12.0708
0.681987
11.9989
0.658439
11.9401
0.656777
11.9985
0.657818
11.9644
0.659252
11.9386
0.659878
11.9046
0.66938
11.8692
0.667015
11.8644
0.652358
11.822
0.66812
11.7872
0.660684
11.7965
0.671787
11.76
0.660969
11.7457
0.655102
11.7287
0.665291
11.6975
0.665797
11.7024
0.666985
11.6591
0.655036
11.649
0.655321
11.6266
0.667881
11.6214
0.660475
11.5919
0.652826
11.5934
0.660666
11.5942
0.66597
11.5316
0.65588
11.5605
0.657851
11.5393
0.655518
11.5094
0.662051
11.513
0.652484
11.4594
0.653792
11.498
0.661759
11.4764
0.654043
11.4446
0.660073
11.4436
0.658451
11.4492
0.652663
11.4275
0.654682
11.4266
0.65223
11.404
0.644835
11.4049
0.654859
11.3866
0.648675
11.3752
0.659377
11.3387
0.647573
11.3551
0.649688
10.4577
0.656172
0.656652
0.66173
12.9714
0.659007
16.4523
0.654492
16.3426
0.653183
16.2201
0.646123
16.0769
0.649451
6.51063
0.657261
0.660128
0.657457
0.649914
0.658755
0.649831
0.66149
13.6054
0.6611
16.3037
0.650304
16.2984
0.651076
16.2157
0.667194
16.0021
0.650029
15.409
0.654743
0.658469
0.65017
0.681614
0.669792
0.656484
0.66252
0.656824
10.9212
0.652347
11.7857
0.646164
16.0452
0.654334
16.0806
0.655722
15.9406
0.661779
15.7734
0.664008
7.12752
0.663991
0.649533
6.62014
0.654474
11.9111
0.658118
11.9228
0.654157
11.9413
0.651822
11.9448
0.654231
11.9277
0.655236
11.9441
0.652524
11.9693
0.653809
9.6511
0.655415
0.656412
0.647687
0.658444
11.8067
0.652475
17.804
0.653664
17.8009
0.653964
17.67
0.647007
17.5266
0.656301
5.41941
0.659757
0.654482
0.658763
0.654783
0.655936
7.92821
0.657917
0.655285
0.652067
10.0744
0.653873
17.4855
0.654729
17.4719
0.648258
17.394
0.656735
17.2474
0.659187
10.2756
0.659175
0.655306
0.655336
0.64713
0.65809
0.655902
0.651821
9.27276
0.653296
0.65944
0.654794
13.486
0.64705
17.2611
0.655401
17.2606
0.659976
17.1242
0.658882
16.9926
0.655393
5.76706
0.659916
0.656493
0.652092
0.662265
0.653931
9.60198
0.654835
11.6002
0.648752
11.5991
0.655824
11.8643
0.660671
12.079
0.660119
12.0458
0.656354
12.0838
0.658386
14.1404
0.652247
10.0514
0.653739
12.0893
0.655216
12.0503
0.647191
12.0892
0.65533
12.0543
0.660402
12.0219
0.658768
12.0516
0.657013
12.0338
0.660233
12.0291
0.653254
12.0244
0.654779
12.02
0.655015
12.0045
0.648622
11.9797
0.657728
11.9977
0.661426
11.9428
0.662815
11.9728
0.655868
11.9227
0.658275
11.951
0.652978
11.9339
0.653777
11.9285
0.654227
11.895
0.648258
11.8939
0.656936
11.8736
0.660408
11.8597
0.659248
11.8649
0.657007
11.869
0.657713
11.8496
0.653207
11.8418
0.653506
11.8138
0.655696
11.8157
0.648274
11.7869
0.657677
11.8175
0.659614
11.7798
0.659797
11.7548
0.656505
11.7642
0.660916
11.7608
0.653296
11.7352
0.65354
11.7357
0.655119
11.7377
0.64821
11.716
0.656267
11.7043
0.65941
11.6753
0.659069
11.6713
0.657268
11.6764
0.658907
11.6501
0.652585
11.654
0.654307
11.6585
0.655035
11.6195
0.649517
11.5992
0.656119
11.6325
0.659684
11.5647
0.658472
11.5947
0.657442
11.5733
0.658594
11.5859
0.652653
11.545
0.654428
11.5453
0.654758
10.1013
0.649429
0.65822
0.655797
0.652458
0.660427
10.1782
0.659057
17.0254
0.656518
17.0316
0.658642
16.925
0.652614
16.7886
0.653709
16.6277
0.655116
15.8201
0.647572
0.657145
0.656407
0.65389
0.659277
0.653189
0.658883
0.655502
0.655581
0.648074
0.657766
0.656749
0.653056
15.6804
0.653856
16.6674
0.655517
16.5943
0.647188
16.4859
0.655593
16.3499
0.659975
16.1826
0.658765
16.0515
0.655102
7.06941
0.660752
0.65605
0.651457
0.659458
0.653506
0.65824
0.654347
0.653865
0.647368
0.657159
0.654729
0.651802
10.6967
0.652975
12.5997
0.653832
16.1648
0.647072
16.1057
0.656426
16.0181
0.659436
15.8576
0.65921
15.697
0.656192
15.5437
0.658394
2.9098
0.653232
0.659775
0.65281
0.658543
7.21534
0.658641
11.1662
0.657804
11.2131
0.652726
11.1125
0.652147
10.9829
0.648668
10.9807
0.640507
10.9513
0.655798
10.9288
0.658757
10.9131
0.652925
10.8935
0.651095
10.9094
0.651679
10.8404
0.647754
10.8446
0.646547
10.8208
0.64987
10.811
0.642158
10.7631
0.649374
10.7333
0.653539
10.73
0.653609
10.6736
0.649566
10.683
0.651543
10.6553
0.647907
10.5987
0.647219
10.5984
0.648824
10.5695
0.641327
10.5431
0.648534
10.5192
0.655545
10.511
0.651941
10.4582
0.649293
10.466
0.65199
10.4193
0.6462
10.4216
0.647952
10.3783
0.64962
10.361
0.643226
10.3365
0.649447
10.3128
0.656541
10.2761
0.652207
10.2529
0.651419
10.2586
0.652701
10.202
0.646502
10.2063
0.648147
10.1514
0.648354
10.1468
0.642372
10.1363
0.64962
10.0702
0.654258
10.0652
0.653628
10.0405
0.649902
10.0177
0.65105
9.95986
0.647346
9.96374
0.646605
9.93852
0.648299
9.90687
0.641196
9.88066
0.648579
9.88491
0.653119
9.82908
0.653254
9.80413
0.648925
9.7961
0.651682
9.74807
0.646123
9.74889
0.647532
9.69507
0.648264
9.69471
0.641076
9.66564
0.649652
9.63653
0.653588
9.61195
0.652307
9.58025
0.649437
9.55544
0.651449
9.53942
0.64514
9.50972
0.648161
5.95049
0.648845
0.648456
0.641117
0.652082
0.649578
0.645794
0.652565
12.4986
0.652377
13.9632
0.650426
13.9202
0.654169
13.8591
0.646223
13.7773
0.647308
13.6166
0.650506
13.5177
0.641626
13.3999
0.648898
13.2416
0.65348
13.0993
0.652813
0.809012
0.649159
0.643751
0.651194
0.650274
0.647052
0.653268
0.646662
0.652185
0.64748
0.648891
0.640541
0.651136
0.648888
0.646721
0.65442
0.648225
0.651566
10.7249
0.649072
13.085
0.651406
13.1234
0.646088
13.0256
0.646202
12.9838
0.647711
12.8588
0.640495
12.7604
0.649142
12.6577
0.65415
12.5328
0.652832
12.4058
0.649678
12.3014
0.651714
9.35578
0.64551
0.652651
0.647829
0.652144
0.648956
0.648475
0.641275
0.652557
0.649565
0.646008
0.653139
0.64726
0.653169
0.649714
0.649741
0.642809
5.7923
0.651716
8.30802
0.652906
8.30729
0.652461
8.30246
0.649223
8.33092
0.652563
8.33457
0.645872
8.30847
0.64749
10.2934
0.647943
11.784
0.642136
11.731
0.649539
11.6583
0.653642
11.5418
0.651903
11.432
0.648839
11.3452
0.651847
11.2277
0.645673
3.89284
0.647118
0.652273
0.647901
0.649571
0.642546
0.652326
6.64497
0.645202
7.8767
0.646396
7.85215
0.6492
7.82148
0.64062
7.80095
0.648444
7.79512
0.652945
7.76516
0.651763
7.74377
0.649585
7.71355
0.652259
7.68562
0.64626
7.69616
0.646762
7.64587
0.648835
7.60592
0.641666
7.58322
0.649228
7.5548
0.653018
7.5503
0.655154
7.50133
0.648458
7.44797
0.650356
7.45276
0.644968
7.42246
0.647526
7.39713
0.648334
7.34051
0.637709
7.34513
0.649235
7.28671
0.652944
7.28362
0.651653
7.22769
0.649103
7.21206
0.65136
7.1795
0.638938
7.15891
0.647318
7.12895
0.643068
7.09773
0.641167
7.0721
0.649971
7.0121
0.648706
7.01272
0.647766
6.98678
0.643603
6.93482
0.651177
6.92882
0.640259
6.88313
0.640632
6.88352
0.641407
6.82555
0.635064
6.80269
0.643469
6.80465
0.649091
6.74215
0.646112
6.71835
0.646215
6.72102
0.645811
6.66849
0.641202
6.64151
0.641169
6.62008
0.643774
6.58421
0.636367
6.58962
0.643604
6.52898
0.647926
6.50305
0.64634
6.47633
0.643985
6.45611
0.649481
6.42672
0.640713
6.40147
0.641949
6.40491
0.642639
6.3449
0.638408
6.32217
0.644231
6.2886
0.646435
6.26738
0.646616
6.26029
0.643815
6.21062
0.645843
6.18731
0.639462
6.18437
0.641814
6.13224
0.643361
6.13145
0.63575
6.07967
0.64672
6.0727
0.646152
6.02209
0.645749
6.01858
0.64341
5.9961
0.645677
5.96931
0.638932
5.94545
0.641464
5.91854
0.642296
5.89486
0.636092
5.86819
0.643204
5.83312
0.64708
5.83195
0.645693
5.7785
0.643578
5.78514
0.64513
5.7286
0.63952
5.74265
0.641253
5.70488
0.64216
5.67517
0.635727
5.65127
0.643103
5.62017
0.646767
5.59075
0.646164
5.56435
0.642633
5.56833
0.646032
5.51718
0.63973
5.51732
0.640361
5.4921
0.642877
5.45732
0.635156
5.43972
0.642865
2.76018
0.647198
0.641922
0.646399
0.642142
0.642653
0.635106
0.645302
0.643996
0.639167
0.646544
0.641597
0.645875
0.642129
4.97669
0.6349
7.68881
0.643328
7.70956
0.646091
7.7318
0.64605
7.70598
0.642966
7.681
0.644752
7.6563
0.6386
7.60648
0.641279
7.55234
0.641794
7.47186
0.634584
7.44119
0.642449
7.35745
0.647395
7.3119
0.645755
7.25735
0.643822
7.19967
0.645473
7.12057
0.63884
7.06755
0.640236
6.99066
0.641763
6.93038
0.634401
6.91104
0.642932
6.79553
0.649073
6.77257
0.645516
6.71609
0.645032
0.664523
0.64467
0.643869
0.639712
0.648179
0.640048
0.645486
0.641701
0.641209
0.635598
0.644689
0.643509
0.638715
0.646127
0.640149
0.645593
0.642541
0.643031
0.636832
0.64502
0.644638
0.639277
0.646035
0.640481
0.645499
0.641753
0.641586
0.63825
0.645313
0.642126
0.638429
0.646529
0.643604
0.644579
0.641607
0.641932
0.635847
0.64513
0.643123
0.63883
0.646678
0.641343
0.644866
0.641417
0.64082
6.01717
0.645584
6.2313
0.638636
6.26264
0.640094
6.2646
0.641342
6.25331
0.635179
6.23652
0.642815
6.20356
0.646645
6.17825
0.645229
6.14851
0.641151
6.11932
0.644311
6.04088
0.638972
6.04835
0.639282
5.96828
0.641732
5.9355
0.637385
5.88691
0.643092
5.85286
0.646122
5.77552
0.64451
5.74714
0.642104
5.69132
0.644633
5.66746
0.639209
5.60072
0.640094
5.56487
0.64105
5.53638
0.635643
5.46016
0.64384
5.42949
0.646948
5.4053
0.645782
5.32477
0.641129
5.3229
0.644503
5.24922
0.638748
5.21965
0.640178
5.19845
0.641701
3.34406
0.633694
0.645334
0.643146
0.638491
0.646449
0.640787
0.645217
0.643255
0.642146
0.634673
0.645467
0.641917
0.638437
0.646491
0.641594
0.645303
0.641436
0.643227
0.636815
0.644774
0.642365
0.638586
0.646236
0.640322
0.645048
0.641626
0.6414
0.635083
0.644648
0.642245
0.638852
0.646318
0.640349
0.645637
2.8646
0.643685
3.51116
0.644839
3.51331
0.638812
3.50963
0.640501
3.50715
0.642051
3.50668
0.634824
3.5082
0.645307
3.50417
0.64771
3.48222
0.645271
3.47581
0.643432
3.45153
0.644073
3.45153
0.639854
3.42916
0.639142
3.406
0.642369
3.423
0.63551
3.37471
0.642543
3.36953
0.645651
3.34273
0.645022
3.34559
0.641858
3.31424
0.645381
3.32076
0.638937
3.26661
0.640231
3.29618
0.641835
3.24214
0.63456
3.23832
0.642369
3.23641
0.649388
3.20885
0.645528
3.18434
0.642548
3.18208
0.64419
3.16069
0.639777
3.13479
0.64092
3.13768
0.64187
3.10289
0.635076
3.10805
0.64303
3.07444
0.645798
3.04963
0.645126
3.05153
0.642669
3.04512
0.644553
3.00262
0.639048
3.03051
0.639872
2.97416
0.641693
2.97106
0.635403
2.97537
0.642257
2.93999
0.646601
2.91429
0.645297
2.91783
0.643242
2.88586
0.644478
2.8933
0.639905
2.86623
0.640011
2.86741
0.641271
2.83569
0.634674
2.81064
0.642148
2.81123
0.646227
2.91577
0.644691
3.61062
0.642912
3.57822
0.644774
3.58028
0.638215
3.55674
0.638928
3.55784
0.640607
3.52579
0.634313
3.52967
0.641811
3.46907
0.64581
3.47003
0.645805
0.908002
0.64266
0.634336
0.643951
0.642366
0.637581
0.647695
2.1386
0.644023
2.56243
0.639905
2.55952
0.644176
2.53891
0.638989
2.53868
0.638701
2.53886
0.639671
2.53551
0.633542
2.51109
0.642072
2.51079
0.643755
2.5063
0.643484
2.47988
0.640763
2.44964
0.643036
2.45613
0.636689
2.45929
0.638823
2.45856
0.640065
2.4313
0.635128
2.40429
0.641927
2.39913
0.64483
2.39906
0.644337
2.37469
0.640966
2.36906
0.642807
2.37584
0.637503
2.35264
0.638272
2.32502
0.640201
2.32186
0.636269
2.32409
0.642575
2.31931
0.645118
2.29302
0.645183
2.26738
0.63981
2.26192
0.642958
2.26829
0.637024
2.27497
0.638844
2.24467
0.640632
2.21438
0.635611
2.21722
0.642464
2.21387
0.645412
2.21244
0.643717
2.18647
0.639922
2.15685
0.643319
2.18788
0.637188
2.16471
0.638229
2.1418
0.639848
2.13479
0.63294
2.13714
0.641095
2.13202
0.644172
2.10606
0.643781
2.08036
0.639184
2.10203
0.644018
2.08569
0.637106
2.05987
0.642376
2.08443
0.639996
2.05519
0.633937
2.03039
0.640926
2.05407
0.645259
1.99908
0.643671
2.02673
0.640247
1.99661
0.64311
2.0032
0.636996
2.0047
0.638798
1.97787
0.639718
1.97561
0.633624
1.94957
0.641064
1.97179
0.644269
1.94511
0.643331
1.91994
0.639855
1.94148
0.643018
1.92082
0.640525
1.89855
0.638251
1.9246
0.639365
1.89449
0.632402
1.87064
0.641472
1.89342
0.644994
1.86594
0.644339
1.86692
0.639414
1.83565
0.643165
1.84146
0.636701
1.84542
0.63884
1.84448
0.63936
1.81441
0.633011
1.81684
0.641362
1.8108
0.64485
1.78923
0.643249
1.81385
0.638783
1.781
0.643442
1.76235
0.63693
1.76545
0.638654
1.76752
0.6406
1.76186
0.632963
1.76326
0.641412
1.73138
0.643942
1.73232
0.64335
1.7081
0.640407
1.72805
0.642669
1.70832
0.63679
1.71291
0.638472
1.68478
0.640134
1.70766
0.635601
1.68335
0.644987
1.67843
0.645021
1.65179
0.643227
1.67949
0.640349
1.64787
0.642529
1.62754
0.637505
1.65892
0.63812
1.63124
0.639652
1.628
0.633686
1.6297
0.643932
1.62773
0.645761
1.59858
0.643538
1.59984
0.639603
1.59477
0.642757
1.57503
0.636908
1.60697
0.63862
1.57772
0.640109
1.57421
0.634718
1.55026
0.641727
1.57125
0.645005
1.54598
0.643747
1.54684
0.639782
1.54153
0.643412
1.52131
0.637281
1.52412
0.638528
1.52429
0.639871
1.52173
0.634498
1.52368
0.641081
1.49081
0.64451
1.4933
0.643309
1.49369
0.63984
1.48771
0.647876
1.49445
0.636742
1.47191
0.6382
1.47131
0.639841
1.46833
0.63345
1.47102
0.640709
1.43942
0.644608
1.43868
0.643775
1.43966
0.640159
1.43358
0.642794
1.44084
0.636843
1.41864
0.638516
1.44449
0.639988
1.41472
0.633703
1.41688
0.640997
1.38534
0.644508
1.41206
0.643667
1.38661
0.640733
1.38086
0.642584
1.38761
0.63663
1.39142
0.63842
1.36377
0.639627
1.38767
0.632489
1.36344
0.641215
1.36292
0.646123
1.36284
0.643377
1.33305
0.639751
1.35362
0.64219
1.33466
0.636448
1.33798
0.63817
1.3383
0.639238
1.3347
0.631967
1.3104
0.640819
1.33096
0.64467
1.30536
0.642837
1.30697
0.63996
1.30044
0.643068
1.28092
0.637211
1.31076
0.638492
1.28406
0.63938
1.30841
0.632765
1.28462
0.641716
1.2512
0.644486
1.279
0.64332
1.28029
0.641412
1.24708
0.643153
1.25424
0.637583
1.25947
0.63767
1.25748
0.640668
1.25806
0.635479
1.23009
0.641759
1.25126
0.643839
1.22505
0.643025
1.2265
0.640837
1.21994
0.642743
1.23064
0.638239
1.2317
0.637461
1.20367
0.63947
1.20164
0.635019
1.23012
0.641574
1.19832
0.645671
1.19821
0.643073
1.17319
0.63948
1.19409
0.636884
1.19613
0.631858
1.17237
0.632667
1.17169
0.63444
1.16868
0.627177
1.17175
0.636335
1.16625
0.638438
1.14009
0.637846
1.16762
0.634763
1.13517
0.637395
1.14259
0.631825
1.17203
0.633037
1.14799
0.635697
1.11563
0.628361
1.14505
0.63606
1.13936
0.638805
1.11332
0.637851
1.11502
0.634378
1.10794
0.63878
1.14425
0.632841
1.09249
0.632779
1.1185
0.634177
1.11687
0.627557
1.0863
0.629908
1.107
0.634106
1.08141
0.633085
1.0848
0.630065
1.07603
0.631817
1.08465
0.62631
1.08771
0.628649
1.08648
0.629171
1.05711
0.622841
1.08564
0.630183
1.05388
0.633476
1.05466
0.633167
1.05597
0.630452
1.04936
0.631974
1.05666
0.625663
1.06034
0.627788
1.05939
0.628548
1.03419
0.622593
1.05934
0.631013
1.02799
0.633887
1.02754
0.632841
1.03033
0.628958
1.02251
0.632243
1.03035
0.626663
1.03636
0.627124
1.0064
0.628998
1.03113
0.622118
1.00622
0.630489
1.02716
0.633466
1.00137
0.632786
1.00313
0.629317
0.996967
0.632162
1.00404
0.626647
1.0073
0.627979
1.00652
0.628641
0.978349
0.622016
1.00638
0.630732
0.972543
0.633467
1.00104
0.632532
0.97628
0.630543
0.969338
0.63203
0.977138
0.626253
0.981729
0.627399
0.980259
0.629322
0.977257
0.625028
0.952342
0.630574
0.974603
0.63632
0.947351
0.632531
0.975419
0.630128
0.942135
0.632155
0.95115
0.626275
0.954345
0.626931
0.952626
0.628155
0.951531
0.624385
0.95392
0.630692
0.948428
0.634793
0.921226
0.632497
0.949403
0.629199
0.943606
0.631935
0.924321
0.627054
0.927387
0.627776
0.952729
0.628983
0.923891
0.621185
0.925665
0.631045
0.920663
0.633484
0.921623
0.63242
0.895863
0.629591
0.915536
0.631809
0.923532
0.626604
0.900698
0.627331
0.925788
0.62891
0.897097
0.622842
0.92621
0.62986
0.892958
0.633938
0.894892
0.632139
0.895457
0.629417
0.888751
0.633152
0.900697
0.626233
0.900972
0.626995
0.899888
0.628827
0.898471
0.622489
0.873361
0.630037
0.893003
0.633163
0.867456
0.632505
0.895611
0.629295
0.863752
0.632059
0.870172
0.626603
0.900801
0.627558
0.872578
0.628113
0.870687
0.622043
0.872139
0.630913
0.866509
0.63327
0.86783
0.631692
0.842595
0.629713
0.86188
0.632308
0.869846
0.626191
0.847856
0.627744
0.873222
0.629561
0.843735
0.622399
0.872986
0.630573
0.84086
0.633982
0.841261
0.633105
0.842909
0.629511
0.862165
0.631912
0.843764
0.626321
0.847541
0.627583
0.846177
0.628602
0.817315
0.6218
0.84653
0.631136
0.839562
0.637217
0.840916
0.632534
0.815055
0.629494
0.835299
0.631814
0.819881
0.626535
0.84754
0.627892
0.819733
0.62809
0.817263
0.621681
0.845457
0.631572
0.815352
0.634308
0.814509
0.632383
0.815307
0.630613
0.809138
0.632143
0.81682
0.626089
0.821647
0.627387
0.820478
0.629311
0.817087
0.622832
0.792351
0.630769
0.813467
0.633604
0.814566
0.632356
0.788871
0.630041
0.80858
0.631642
0.791004
0.626043
0.820805
0.627214
0.792314
0.628818
0.790965
0.624183
0.81856
0.63019
0.787801
0.63456
0.787368
0.632535
0.789321
0.628939
0.783198
0.631796
0.790763
0.626122
0.793318
0.627441
0.792752
0.629524
0.79415
0.622175
0.766234
0.630817
0.787115
0.633177
0.787983
0.632195
0.762288
0.629614
0.782553
0.631978
0.789771
0.626816
0.766704
0.627365
0.792996
0.629282
0.763603
0.624046
0.765878
0.630249
0.786334
0.63327
0.761952
0.632659
0.762216
0.629192
0.755789
0.632879
0.763437
0.625768
0.767066
0.627087
0.766334
0.628799
0.773939
0.624109
0.766266
0.630148
0.760077
0.633974
0.761334
0.632615
0.762654
0.630344
0.755736
0.631923
0.736581
0.62633
0.767677
0.627246
0.766083
0.628899
0.737426
0.622854
0.765665
0.630334
0.733584
0.633716
0.761272
0.633075
0.735692
0.630505
0.754934
0.632816
0.736938
0.626343
0.741692
0.631378
0.739738
0.628762
0.764083
0.622573
0.739092
0.630324
0.734796
0.63456
0.734463
0.632877
0.735431
0.628994
0.728409
0.632309
0.737051
0.626423
0.741176
0.628493
0.739433
0.628307
0.737181
0.621606
0.739352
0.630577
0.732968
0.634023
0.628049
0.7659
0.62876
0.736623
0.6219
0.738952
0.630216
0.627013
0.76781
0.627799
0.739622
0.628732
0.630845
0.755578
0.632218
0.710563
0.626221
0.740363
0.627979
0.713166
0.629151
0.736859
0.621367
0.632141
0.763306
0.626125
0.634523
0.761451
0.632551
0.629605
0.737741
0.624529
0.739328
0.630639
0.626497
0.740548
0.627623
0.712945
0.628676
0.737848
0.621297
0.63228
0.737054
0.627337
0.71756
0.627214
0.712275
0.628531
0.7108
0.623848
0.632041
0.737603
0.627513
0.715208
0.626561
0.712704
0.628624
0.629058
0.728711
0.631612
0.710597
0.626425
0.634578
0.734188
0.632242
0.629321
0.737391
0.621809
0.631768
0.738339
0.626095
0.633282
0.734116
0.632694
0.628401
0.736898
0.622282
0.631869
0.709429
0.625979
0.713281
0.627716
0.632052
0.709508
0.629994
0.703432
0.632731
0.630308
0.706375
0.633173
0.707778
0.632788
0.628645
0.709206
0.620987
0.63225
0.709912
0.626147
0.713222
0.627695
0.632094
0.708779
0.630768
0.622427
0.712215
0.629544
0.626208
0.713593
0.62713
0.632722
0.708427
0.62931
0.621821
0.712198
0.629497
0.626474
0.714946
0.634418
0.63234
0.70904
0.630121
0.621384
0.711821
0.630162
0.626583
0.713377
0.627405
0.63245
0.708324
0.630043
0.620962
0.631592
0.709934
0.626101
0.633149
0.708715
0.632127
0.628917
0.629704
0.702077
0.632229
0.629217
0.70737
0.633316
0.626832
0.632647
0.70818
0.629947
0.621227
0.631804
0.7101
0.625789
0.633309
0.681527
0.632092
0.628231
0.710523
0.62166
0.633086
0.630454
0.679032
0.634016
0.627836
0.712658
0.628326
0.629473
0.62188
0.685388
0.629694
0.626643
0.686858
0.627565
0.633131
0.682136
0.630907
0.622095
0.685606
0.630637
0.626015
0.686668
0.627335
0.632324
0.628997
0.710937
0.621726
0.632174
0.629823
0.62594
0.687985
0.627359
0.635061
0.684689
0.630244
0.624467
0.632199
0.684555
0.626746
0.633664
0.627209
0.68607
0.628878
0.630034
0.62148
0.685541
0.630054
0.626205
0.633976
0.680521
0.632107
0.629362
0.630498
0.677624
0.631952
0.630086
0.627286
0.687768
0.62675
0.633207
0.628347
0.62848
0.676031
0.631962
0.630352
0.625901
0.633037
0.680409
0.632308
0.628768
0.630227
0.62227
0.685466
0.630979
0.626843
0.633499
0.627282
0.685981
0.628491
0.629384
0.621536
0.632133
0.628838
0.679767
0.632962
0.627312
0.631953
0.629123
0.629874
0.67569
0.63267
0.630055
0.626067
0.633398
0.628013
0.632284
0.682227
0.628778
0.621521
0.632417
0.629906
0.625949
0.633191
0.627562
0.685563
0.628616
0.630172
0.622973
0.636087
0.629933
0.625941
0.634263
0.627217
0.687117
0.628612
0.629463
0.620858
0.632227
0.629688
0.62635
0.633518
0.627792
0.632363
0.628559
0.683487
0.622181
0.632108
0.63144
0.627155
0.633705
0.628021
0.632047
0.628356
0.629861
0.621061
0.63154
0.629593
0.626759
0.68722
0.627401
0.632085
0.628617
0.630731
0.621843
0.63135
0.630045
0.627726
0.633982
0.627606
0.632445
0.62884
0.629093
0.621418
0.631658
0.62982
0.626442
0.633597
0.627602
0.631944
0.62972
0.630796
0.622418
0.632783
0.630748
0.626018
0.634696
0.627664
0.632427
0.628707
0.629446
0.622236
0.631888
0.63001
0.626556
0.633411
0.628509
0.632316
0.628418
0.630351
0.621675
0.631914
0.630674
0.625859
0.633042
0.631224
0.632758
0.628378
0.629814
0.621206
0.631513
0.629922
0.626067
0.635178
0.627508
0.632645
0.629145
0.62955
0.624585
0.631962
0.630565
0.626575
0.633636
0.626762
0.63399
0.628605
0.62972
0.621248
0.631991
0.630195
0.629649
0.635638
0.62665
0.632195
0.628522
0.630715
0.622705
0.631966
0.630616
0.627594
0.634914
0.626991
0.632194
0.629167
0.629362
0.622914
0.631277
0.63088
0.626513
0.633151
0.627366
0.632511
0.628778
0.629291
0.62249
0.631485
0.630146
0.626171
0.633263
0.627631
0.632113
0.628711
0.630351
0.621556
0.632306
0.629665
0.626324
0.632655
0.627263
0.632367
0.629198
0.629669
0.622949
0.632453
0.630536
0.625836
0.633841
0.628146
0.632424
0.628688
0.629228
0.621608
0.636006
0.63024
0.62672
0.632969
0.626525
0.63299
0.628377
0.630915
0.622967
0.632305
0.630065
0.627812
0.633502
0.627149
0.632435
0.628303
0.629798
0.622141
0.633078
0.630964
0.626159
0.633856
0.627512
0.632274
0.628552
0.629943
0.622604
0.632018
0.631258
0.625708
0.633459
0.627042
0.632623
0.628453
0.629861
0.620915
0.631772
0.629119
0.626531
0.633638
0.626783
0.632458
0.628719
0.630143
0.621451
0.631981
0.630259
0.626672
0.633142
0.626544
0.632671
0.62881
0.629263
0.621227
0.626755
0.624723
0.615304
0.622415
0.616843
0.621525
0.618313
0.619087
0.61092
0.621791
0.619854
0.615646
0.623246
0.616694
0.621438
0.617522
0.618101
0.610695
0.621312
0.619224
0.615465
0.622894
0.620692
0.6232
0.620096
0.620243
0.610763
0.621167
0.619378
0.61525
0.622522
0.616765
0.621812
0.617977
0.619717
0.610914
0.620489
0.619599
0.615314
0.623833
0.616642
0.622015
0.619416
0.618696
0.613514
0.62093
0.620005
0.615179
0.622697
0.616882
0.621753
0.617989
0.618958
0.610121
0.621385
0.619286
0.61593
0.622381
0.618141
0.623293
0.617834
0.620605
0.613001
0.621312
0.620152
0.6168
0.623675
0.616343
0.621591
0.618155
0.618686
0.611757
0.62055
0.619792
0.615614
0.62208
0.616787
0.621207
0.618281
0.619459
0.611209
0.621341
0.620843
0.616078
0.622577
0.616799
0.621358
0.617376
0.618988
0.611182
0.621003
0.618456
0.615559
0.622521
0.61652
0.620947
0.618589
0.61997
0.612603
0.621284
0.623769
0.61565
0.62227
0.617183
0.621313
0.618067
0.618612
0.610717
0.621604
0.618723
0.615225
0.622419
0.616503
0.621573
0.618216
0.620242
0.612001
0.621714
0.619144
0.616454
0.624156
0.616496
0.621663
0.617422
0.618958
0.610695
0.621156
0.618457
0.615429
0.623478
0.616576
0.621483
0.617835
0.619806
0.611682
0.621153
0.619378
0.61531
0.622557
0.616419
0.621336
0.617582
0.618712
0.610768
0.620892
0.618728
0.615609
0.62224
0.616297
0.621489
0.617879
0.619337
0.61078
0.620955
0.61944
0.616239
0.62241
0.616444
0.622097
0.617971
0.618148
0.609771
0.621248
0.618885
0.614834
0.622705
0.616883
0.621471
0.621285
0.619221
0.610604
0.62158
0.619146
0.615116
0.622946
0.617018
0.621434
0.617795
0.621503
0.61066
0.621199
0.618695
0.615778
0.62239
0.617153
0.622144
0.618042
0.620034
0.611084
0.62212
0.619968
0.615825
0.622636
0.616709
0.621453
0.617889
0.619302
0.612564
0.621767
0.618475
0.615694
0.623986
0.616612
0.622264
0.618947
0.619161
0.613994
0.621356
0.620284
0.615053
0.622459
0.616875
0.621502
0.617553
0.619777
0.61111
0.62196
0.619599
0.618383
0.623481
0.616583
0.621988
0.617627
0.620011
0.613656
0.621354
0.619977
0.616666
0.62364
0.616378
0.622165
0.618394
0.618386
0.611669
0.62098
0.619607
0.615833
0.622545
0.616798
0.621786
0.618478
0.618932
0.61135
0.62097
0.621029
0.615871
0.622625
0.616995
0.621775
0.617487
0.61892
0.610901
0.621894
0.61898
0.615703
0.623729
0.619925
0.622123
0.618064
0.619242
0.611989
0.622065
0.620074
0.615254
0.623058
0.617714
0.621549
0.617943
0.618833
0.610384
0.622642
0.619465
0.615756
0.622803
0.616736
0.623063
0.618133
0.621111
0.611751
0.621489
0.619592
0.615915
0.62292
0.616584
0.621836
0.617714
0.618982
0.610859
0.621133
0.619185
0.615295
0.623753
0.616696
0.621812
0.618394
0.618683
0.61149
0.620784
0.619348
0.615704
0.623741
0.616457
0.621795
0.617782
0.618759
0.610585
0.62098
0.618681
0.615386
0.622908
0.616202
0.622117
0.617741
0.621565
0.611988
0.621775
0.619517
0.616249
0.622816
0.616188
0.621734
0.61802
0.618228
0.610629
0.620734
0.619302
0.616001
0.623221
0.616586
0.621248
0.618004
0.619164
0.61141
0.62613
0.619621
0.615423
0.622972
0.617157
0.621486
0.618093
0.61849
0.611119
0.621268
0.61965
0.615899
0.62288
0.61694
0.621369
