-0.223066
-0.219649
-0.216318
-0.213069
-0.2099
-0.206808
-0.203793
-0.200851
-0.19798
-0.195178
-0.192444
-0.189775
-0.18717
-0.184627
-0.182144
-0.179719
-0.177351
-0.175038
-0.172778
-0.170571
-0.168414
-0.166306
-0.164247
-0.162233
-0.160265
-0.158341
-0.156459
-0.154619
-0.152819
-0.151059
-0.149337
-0.147651
-0.146002
-0.144388
-0.142808
-0.141261
-0.139747
-0.138263
-0.136811
-0.135388
-0.133994
-0.132628
-0.131289
-0.129977
-0.12869
-0.127429
-0.126193
-0.12498
-0.12379
-0.122623
-0.121478
-0.120355
-0.119252
-0.118169
-0.117107
-0.116063
-0.115038
-0.114032
-0.113043
-0.112071
-0.111116
-0.110178
-0.109255
-0.108348
-0.107456
-0.106579
-0.105717
-0.104868
-0.104033
-0.103212
-0.102403
-0.101607
-0.100824
-0.100052
-0.0992921
-0.0985436
-0.0978064
-0.09708
-0.0963643
-0.0956589
-0.0949636
-0.0942782
-0.0936024
-0.092936
-0.0922788
-0.0916305
-0.090991
-0.09036
-0.0897374
-0.0891229
-0.0885163
-0.0879175
-0.0873264
-0.0867426
-0.0861661
-0.0855967
-0.0850342
-0.0844784
-0.0839293
-0.0833867
-0.0828504
-0.0823203
-0.0817963
-0.0812782
-0.0807659
-0.0802592
-0.0797582
-0.0792625
-0.0787722
-0.0782872
-0.0778072
-0.0773322
-0.0768622
-0.0763969
-0.0759364
-0.0754805
-0.0750291
-0.0745821
-0.0741395
-0.0737011
-0.073267
-0.0728369
-0.0724109
-0.0719888
-0.0715706
-0.0711562
-0.0707455
-0.0703385
-0.0699351
-0.0695352
-0.0691389
-0.0687459
-0.0683563
-0.06797
-0.0675869
-0.067207
-0.0668303
-0.0664566
-0.066086
-0.0657183
-0.0653536
-0.0649918
-0.0646328
-0.0642766
-0.0639232
-0.0635724
-0.0632244
-0.0628789
-0.0625361
-0.0621958
-0.061858
-0.0615227
-0.0611899
-0.0608594
-0.0605313
-0.0602056
-0.0598822
-0.059561
-0.0592421
-0.0589254
-0.0586109
-0.0582986
-0.0579884
-0.0576802
-0.0573742
-0.0570702
-0.0567682
-0.0564683
-0.0561703
-0.0558742
-0.0555801
-0.0552879
-0.0549976
-0.0547091
-0.0544225
-0.0541377
-0.0538547
-0.0535734
-0.0532939
-0.0530162
-0.0527402
-0.0524659
-0.0521932
-0.0519223
-0.0516529
-0.0513853
-0.0511192
-0.0508547
-0.0505918
-0.0503305
-0.0500707
-0.0498125
-0.0495558
-0.0493006
-0.0490469
-0.0487947
-0.0485439
-0.0482946
-0.0480468
-0.0478003
-0.0475553
-0.0473117
-0.0470694
-0.0468286
-0.0465891
-0.046351
-0.0461142
-0.0458787
-0.0456446
-0.0454118
-0.0451802
-0.04495
-0.0447211
-0.0444934
-0.0442669
-0.0440418
-0.0438178
-0.0435951
-0.0433736
-0.0431533
-0.0429342
-0.0427164
-0.0424996
-0.0422841
-0.0420698
-0.0418566
-0.0416445
-0.0414336
-0.0412238
-0.0410152
-0.0408076
-0.0406012
-0.0403959
-0.0401916
-0.0399885
-0.0397864
-0.0395855
-0.0393855
-0.0391867
-0.0389889
-0.0387921
-0.0385964
-0.0384017
-0.038208
-0.0380153
-0.0378237
-0.037633
-0.0374434
-0.0372547
-0.0370671
-0.0368804
-0.0366947
-0.0365099
-0.0363261
-0.0361433
-0.0359614
-0.0357805
-0.0356005
-0.0354214
-0.0352432
-0.035066
-0.0348897
-0.0347143
-0.0345398
-0.0343662
-0.0341935
-0.0340217
-0.0338508
-0.0336808
-0.0335116
-0.0333433
-0.0331758
-0.0330093
-0.0328435
-0.0326787
-0.0325146
-0.0323514
-0.0321891
-0.0320275
-0.0318668
-0.0317069
-0.0315479
-0.0313896
-0.0312321
-0.0310755
-0.0309196
-0.0307646
-0.0306103
-0.0304568
-0.0303041
-0.0301522
-0.030001
-0.0298506
-0.029701
-0.0295521
-0.029404
-0.0292566
-0.02911
-0.0289641
-0.028819
-0.0286746
-0.0285309
-0.028388
-0.0282458
-0.0281043
-0.0279635
-0.0278234
-0.027684
-0.0275454
-0.0274074
-0.0272701
-0.0271336
-0.0269977
-0.0268625
-0.026728
-0.0265941
-0.026461
-0.0263285
-0.0261966
-0.0260655
-0.025935
-0.0258051
-0.025676
-0.0255474
-0.0254195
-0.0252923
-0.0251657
-0.0250397
-0.0249144
-0.0247897
-0.0246656
-0.0245421
-0.0244193
-0.0242971
-0.0241755
-0.0240545
-0.0239341
-0.0238143
-0.0236952
-0.0235766
-0.0234586
-0.0233412
-0.0232244
-0.0231082
-0.0229926
-0.0228775
-0.0227631
-0.0226492
-0.0225358
-0.0224231
-0.0223109
-0.0221993
-0.0220882
-0.0219777
-0.0218677
-0.0217583
-0.0216495
-0.0215411
-0.0214334
-0.0213262
-0.0212195
-0.0211133
-0.0210077
-0.0209026
-0.020798
-0.020694
-0.0205905
-0.0204875
-0.020385
-0.020283
-0.0201815
-0.0200806
-0.0199801
-0.0198802
-0.0197807
-0.0196818
-0.0195833
-0.0194854
-0.0193879
-0.0192909
-0.0191944
-0.0190984
-0.0190029
-0.0189079
-0.0188133
-0.0187192
-0.0186256
-0.0185324
-0.0184397
-0.0183475
-0.0182557
-0.0181644
-0.0180735
-0.0179831
-0.0178932
-0.0178037
-0.0177146
-0.017626
-0.0175379
-0.0174502
-0.0173629
-0.017276
-0.0171896
-0.0171037
-0.0170181
-0.016933
-0.0168483
-0.016764
-0.0166802
-0.0165968
-0.0165138
-0.0164312
-0.016349
-0.0162672
-0.0161859
-0.0161049
-0.0160244
-0.0159442
-0.0158645
-0.0157851
-0.0157062
-0.0156276
-0.0155495
-0.0154717
-0.0153943
-0.0153173
-0.0152407
-0.0151645
-0.0150886
-0.0150132
-0.0149381
-0.0148634
-0.014789
-0.0147151
-0.0146415
-0.0145683
-0.0144954
-0.0144229
-0.0143508
-0.014279
-0.0142076
-0.0141365
-0.0140658
-0.0139955
-0.0139255
-0.0138558
-0.0137865
-0.0137176
-0.013649
-0.0135807
-0.0135128
-0.0134452
-0.013378
-0.013311
-0.0132445
-0.0131782
-0.0131123
-0.0130467
-0.0129815
-0.0129166
-0.012852
-0.0127877
-0.0127237
-0.0126601
-0.0125968
-0.0125338
-0.0124711
-0.0124087
-0.0123467
-0.0122849
-0.0122235
-0.0121623
-0.0121015
-0.012041
-0.0119808
-0.0119208
-0.0118612
-0.0118019
-0.0117429
-0.0116841
-0.0116257
-0.0115676
-0.0115097
-0.0114521
-0.0113949
-0.0113379
-0.0112812
-0.0112248
-0.0111686
-0.0111128
-0.0110572
-0.0110019
-0.0109469
-0.0108921
-0.0108376
-0.0107834
-0.0107295
-0.0106758
-0.0106224
-0.0105693
-0.0105164
-0.0104638
-0.0104115
-0.0103594
-0.0103076
-0.0102561
-0.0102048
-0.0101537
-0.010103
-0.0100524
-0.0100022
-0.00995213
-0.00990235
-0.00985283
-0.00980355
-0.00975452
-0.00970573
-0.00965719
-0.00960889
-0.00956083
-0.00951301
-0.00946543
-0.00941809
-0.00937099
-0.00932412
-0.00927748
-0.00923108
-0.00918491
-0.00913897
-0.00909327
-0.00904779
-0.00900253
-0.00895751
-0.00891271
-0.00886813
-0.00882378
-0.00877964
-0.00873573
-0.00869204
-0.00864857
-0.00860531
-0.00856227
-0.00851945
-0.00847684
-0.00843444
-0.00839226
-0.00835028
-0.00830852
-0.00826696
-0.00822561
-0.00818447
-0.00814354
-0.00810281
-0.00806228
-0.00802196
-0.00798184
-0.00794191
-0.00790219
-0.00786267
-0.00782334
-0.00778421
-0.00774528
-0.00770654
-0.007668
-0.00762965
-0.00759148
-0.00755352
-0.00751574
-0.00747815
-0.00744074
-0.00740353
-0.0073665
-0.00732965
-0.00729299
-0.00725652
-0.00722022
-0.00718411
-0.00714818
-0.00711242
-0.00707685
-0.00704145
-0.00700624
-0.00697119
-0.00693633
-0.00690163
-0.00686711
-0.00683277
-0.00679859
-0.00676459
-0.00673075
-0.00669709
-0.00666359
-0.00663026
-0.0065971
-0.0065641
-0.00653127
-0.0064986
-0.0064661
-0.00643376
-0.00640158
-0.00636956
-0.0063377
-0.006306
-0.00627446
-0.00624308
-0.00621185
-0.00618078
-0.00614987
-0.00611911
-0.0060885
-0.00605805
-0.00602775
-0.0059976
-0.0059676
-0.00593775
-0.00590805
-0.0058785
-0.0058491
-0.00581984
-0.00579073
-0.00576177
-0.00573295
-0.00570428
-0.00567574
-0.00564735
-0.00561911
-0.005591
-0.00556304
-0.00553521
-0.00550753
-0.00547998
-0.00545257
-0.0054253
-0.00539816
-0.00537116
-0.00534429
-0.00531756
-0.00529096
-0.0052645
-0.00523817
-0.00521197
-0.0051859
-0.00515996
-0.00513415
-0.00510847
-0.00508292
-0.00505749
-0.00503219
-0.00500702
-0.00498198
-0.00495706
-0.00493227
-0.00490759
-0.00488305
-0.00485862
-0.00483432
-0.00481014
-0.00478608
-0.00476214
-0.00473832
-0.00471462
-0.00469104
-0.00466757
-0.00464423
-0.004621
-0.00459788
-0.00457488
-0.004552
-0.00452923
-0.00450658
-0.00448403
-0.0044616
-0.00443929
-0.00441708
-0.00439499
-0.004373
-0.00435113
-0.00432937
-0.00430771
-0.00428616
-0.00426472
-0.00424339
-0.00422217
-0.00420105
-0.00418003
-0.00415912
-0.00413832
-0.00411762
-0.00409702
-0.00407653
-0.00405614
-0.00403585
-0.00401566
-0.00399557
-0.00397559
-0.0039557
-0.00393591
-0.00391623
-0.00389664
-0.00387715
-0.00385775
-0.00383845
-0.00381925
-0.00380015
-0.00378114
-0.00376223
-0.00374341
-0.00372468
-0.00370605
-0.00368751
-0.00366907
-0.00365071
-0.00363245
-0.00361428
-0.0035962
-0.00357821
-0.00356032
-0.00354251
-0.00352479
-0.00350715
-0.00348961
-0.00347215
-0.00345479
-0.0034375
-0.00342031
-0.0034032
-0.00338618
-0.00336924
-0.00335238
-0.00333561
-0.00331893
-0.00330233
-0.00328581
-0.00326937
-0.00325302
-0.00323674
-0.00322055
-0.00320444
-0.00318841
-0.00317246
-0.00315659
-0.0031408
-0.00312509
-0.00310946
-0.0030939
-0.00307843
-0.00306303
-0.00304771
-0.00303246
-0.00301729
-0.0030022
-0.00298718
-0.00297224
-0.00295737
-0.00294257
-0.00292785
-0.00291321
-0.00289863
-0.00288413
-0.00286971
-0.00285535
-0.00284107
-0.00282686
-0.00281271
-0.00279864
-0.00278464
-0.00277071
-0.00275685
-0.00274306
-0.00272934
-0.00271569
-0.0027021
-0.00268858
-0.00267513
-0.00266175
-0.00264844
-0.00263519
-0.002622
-0.00260889
-0.00259584
-0.00258285
-0.00256993
-0.00255707
-0.00254428
-0.00253155
-0.00251889
-0.00250629
-0.00249375
-0.00248128
-0.00246886
-0.00245651
-0.00244422
-0.002432
-0.00241983
-0.00240772
-0.00239568
-0.0023837
-0.00237177
-0.00235991
-0.0023481
-0.00233635
-0.00232466
-0.00231304
-0.00230146
-0.00228995
-0.00227849
-0.0022671
-0.00225575
-0.00224447
-0.00223324
-0.00222207
-0.00221095
-0.00219989
-0.00218889
-0.00217794
-0.00216704
-0.0021562
-0.00214541
-0.00213468
-0.002124
-0.00211337
-0.0021028
-0.00209228
-0.00208181
-0.0020714
-0.00206104
-0.00205073
-0.00204047
-0.00203026
-0.0020201
-0.00201
-0.00199994
-0.00198993
-0.00197998
-0.00197007
-0.00196022
-0.00195041
-0.00194065
-0.00193094
-0.00192128
-0.00191167
-0.00190211
-0.00189259
-0.00188312
-0.0018737
-0.00186433
-0.001855
-0.00184572
-0.00183649
-0.0018273
-0.00181816
-0.00180906
-0.00180001
-0.00179101
-0.00178205
-0.00177313
-0.00176426
-0.00175543
-0.00174665
-0.00173791
-0.00172922
-0.00172057
-0.00171196
-0.00170339
-0.00169487
-0.00168639
-0.00167795
-0.00166956
-0.00166121
-0.0016529
-0.00164463
-0.0016364
-0.00162821
-0.00162007
-0.00161196
-0.0016039
-0.00159587
-0.00158789
-0.00157994
-0.00157204
-0.00156417
-0.00155635
-0.00154856
-0.00154081
-0.0015331
-0.00152543
-0.0015178
-0.00151021
-0.00150265
-0.00149513
-0.00148765
-0.00148021
-0.00147281
-0.00146544
-0.0014581
-0.00145081
-0.00144355
-0.00143633
-0.00142914
-0.00142199
-0.00141488
-0.0014078
-0.00140076
-0.00139375
-0.00138677
-0.00137984
-0.00137293
-0.00136606
-0.00135923
-0.00135243
-0.00134566
-0.00133893
-0.00133223
-0.00132556
-0.00131893
-0.00131233
-0.00130577
-0.00129923
-0.00129273
-0.00128626
-0.00127983
-0.00127343
-0.00126705
-0.00126071
-0.00125441
-0.00124813
-0.00124189
-0.00123567
-0.00122949
-0.00122334
-0.00121722
-0.00121113
-0.00120507
-0.00119904
-0.00119304
-0.00118707
-0.00118113
-0.00117522
-0.00116934
-0.00116349
-0.00115767
-0.00115188
-0.00114611
-0.00114038
-0.00113467
-0.00112899
-0.00112335
-0.00111773
-0.00111213
-0.00110657
-0.00110103
-0.00109552
-0.00109004
-0.00108459
-0.00107916
-0.00107376
-0.00106839
-0.00106304
-0.00105772
-0.00105243
-0.00104717
-0.00104193
-0.00103671
-0.00103153
-0.00102636
-0.00102123
-0.00101612
-0.00101103
-0.00100598
-0.00100094
-0.000995934
-0.000990951
-0.000985992
-0.000981059
-0.00097615
-0.000971266
-0.000966406
-0.00096157
-0.000956759
-0.000951972
-0.000947208
-0.000942469
-0.000937753
-0.000933061
-0.000928392
-0.000923747
-0.000919124
-0.000914525
-0.000909949
-0.000905396
-0.000900866
-0.000896358
-0.000891873
-0.00088741
-0.00088297
-0.000878552
-0.000874156
-0.000869782
-0.00086543
-0.000861099
-0.000856791
-0.000852503
-0.000848238
-0.000843993
-0.00083977
-0.000835568
-0.000831387
-0.000827227
-0.000823088
-0.000818969
-0.000814871
-0.000810794
-0.000806737
-0.0008027
-0.000798683
-0.000794687
-0.00079071
-0.000786754
-0.000782817
-0.0007789
-0.000775002
-0.000771124
-0.000767266
-0.000763426
-0.000759606
-0.000755805
-0.000752023
-0.00074826
-0.000744516
-0.000740791
-0.000737084
-0.000733395
-0.000729726
-0.000726074
-0.000722441
-0.000718826
-0.000715229
-0.00071165
-0.000708089
-0.000704545
-0.00070102
-0.000697512
-0.000694022
-0.000690549
-0.000687093
-0.000683655
-0.000680234
-0.00067683
-0.000673443
-0.000670073
-0.00066672
-0.000663384
-0.000660065
-0.000656762
-0.000653475
-0.000650205
-0.000646951
-0.000643714
-0.000640493
-0.000637288
-0.000634099
-0.000630926
-0.000627768
-0.000624627
-0.000621501
-0.000618391
-0.000615301
-0.00061222
-0.000609156
-0.000606107
-0.000603074
-0.000600056
-0.000597053
-0.000594065
-0.000591092
-0.000588134
-0.000585191
-0.000582263
-0.000579349
-0.00057645
-0.000573565
-0.000570695
-0.000567839
-0.000564998
-0.000562171
-0.000559357
-0.000556558
-0.000553773
-0.000551002
-0.000548245
-0.000545501
-0.000542771
-0.000540055
-0.000537353
-0.000534664
-0.000531988
-0.000529326
-0.000526677
-0.000524042
-0.000521419
-0.00051881
-0.000516214
-0.00051363
-0.00051106
-0.000508502
-0.000505958
-0.000503426
-0.000500907
-0.0004984
-0.000495906
-0.000493424
-0.000490955
-0.000488498
-0.000486053
-0.000483621
-0.000481201
-0.000478793
-0.000476397
-0.000474013
-0.000471641
-0.000469281
-0.000466932
-0.000464595
-0.00046227
-0.000459957
-0.000457655
-0.000455365
-0.000453086
-0.000450819
-0.000448563
-0.000446318
-0.000444084
-0.000441862
-0.000439651
-0.000437451
-0.000435261
-0.000433083
-0.000430916
-0.000428759
-0.000426614
-0.000424479
-0.000422354
-0.000420241
-0.000418138
-0.000416045
-0.000413963
-0.000411891
-0.00040983
-0.000407779
-0.000405738
-0.000403708
-0.000401688
-0.000399677
-0.000397677
-0.000395687
-0.000393707
-0.000391737
-0.000389776
-0.000387825
-0.000385885
-0.000383953
-0.000382032
-0.00038012
-0.000378218
-0.000376325
-0.000374442
-0.000372568
-0.000370703
-0.000368848
-0.000367002
-0.000365165
-0.000363338
-0.00036152
-0.00035971
-0.00035791
-0.000356119
-0.000354337
-0.000352563
-0.000350799
-0.000349043
-0.000347297
-0.000345558
-0.000343829
-0.000342108
-0.000340396
-0.000338693
-0.000336998
-0.000335311
-0.000333633
-0.000331963
-0.000330302
-0.000328649
-0.000327004
-0.000325368
-0.000323739
-0.000322119
-0.000320507
-0.000318903
-0.000317307
-0.000315719
-0.000314139
-0.000312567
-0.000311003
-0.000309446
-0.000307897
-0.000306356
-0.000304823
-0.000303298
-0.00030178
-0.00030027
-0.000298767
-0.000297272
-0.000295784
-0.000294303
-0.000292831
-0.000291365
-0.000289907
-0.000288456
-0.000287012
-0.000285576
-0.000284147
-0.000282725
-0.00028131
-0.000279902
-0.000278501
-0.000277107
-0.00027572
-0.00027434
-0.000272967
-0.000271601
-0.000270242
-0.00026889
-0.000267544
-0.000266205
-0.000264873
-0.000263547
-0.000262228
-0.000260916
-0.00025961
-0.00025831
-0.000257018
-0.000255731
-0.000254451
-0.000253178
-0.000251911
-0.00025065
-0.000249396
-0.000248148
-0.000246906
-0.00024567
-0.00024444
-0.000243217
-0.000242
-0.000240789
-0.000239584
-0.000238384
-0.000237191
-0.000236004
-0.000234823
-0.000233648
-0.000232479
-0.000231315
-0.000230157
-0.000229005
-0.000227859
-0.000226719
-0.000225584
-0.000224455
-0.000223332
-0.000222214
-0.000221102
-0.000219995
-0.000218894
-0.000217799
-0.000216709
-0.000215624
-0.000214545
-0.000213471
-0.000212403
-0.00021134
-0.000210282
-0.00020923
-0.000208183
-0.000207141
-0.000206104
-0.000205072
-0.000204046
-0.000203025
-0.000202009
-0.000200998
-0.000199992
-0.000198991
-0.000197995
-0.000197004
-0.000196018
-0.000195037
-0.000194061
-0.00019309
-0.000192123
-0.000191162
-0.000190205
-0.000189253
-0.000188306
-0.000187363
-0.000186426
-0.000185492
-0.000184564
-0.00018364
-0.000182721
-0.000181807
-0.000180897
-0.000179991
-0.000179091
-0.000178194
-0.000177302
-0.000176415
-0.000175532
-0.000174654
-0.000173779
-0.00017291
-0.000172044
-0.000171183
-0.000170327
-0.000169474
-0.000168626
-0.000167782
-0.000166942
-0.000166107
-0.000165275
-0.000164448
-0.000163625
-0.000162806
-0.000161991
-0.000161181
-0.000160374
-0.000159571
-0.000158773
-0.000157978
-0.000157187
-0.0001564
-0.000155618
-0.000154839
-0.000154064
-0.000153293
-0.000152526
-0.000151762
-0.000151003
-0.000150247
-0.000149495
-0.000148747
-0.000148002
-0.000147262
-0.000146524
-0.000145791
-0.000145061
-0.000144335
-0.000143613
-0.000142894
-0.000142179
-0.000141467
-0.000140759
-0.000140055
-0.000139354
-0.000138657
-0.000137963
-0.000137272
-0.000136585
-0.000135901
-0.000135221
-0.000134544
-0.000133871
-0.000133201
-0.000132534
-0.000131871
-0.000131211
-0.000130554
-0.000129901
-0.000129251
-0.000128604
-0.00012796
-0.00012732
-0.000126683
-0.000126049
-0.000125418
-0.00012479
-0.000124165
-0.000123544
-0.000122926
-0.00012231
-0.000121698
-0.000121089
-0.000120483
-0.00011988
-0.00011928
-0.000118683
-0.000118089
-0.000117498
-0.00011691
-0.000116325
-0.000115743
-0.000115163
-0.000114587
-0.000114013
-0.000113443
-0.000112875
-0.00011231
-0.000111748
-0.000111189
-0.000110632
-0.000110078
-0.000109528
-0.000108979
-0.000108434
-0.000107891
-0.000107351
-0.000106814
-0.000106279
-0.000105747
-0.000105218
-0.000104692
-0.000104168
-0.000103646
-0.000103127
-0.000102611
-0.000102098
-0.000101587
-0.000101078
-0.000100572
-0.000100069
-9.95682e-05
-9.90699e-05
-9.8574e-05
-9.80807e-05
-9.75898e-05
-9.71014e-05
-9.66154e-05
-9.61318e-05
-9.56507e-05
-9.5172e-05
-9.46956e-05
-9.42217e-05
-9.37501e-05
-9.32809e-05
-9.2814e-05
-9.23495e-05
-9.18873e-05
-9.14274e-05
-9.09698e-05
-9.05145e-05
-9.00615e-05
-8.96107e-05
-8.91622e-05
-8.8716e-05
-8.8272e-05
-8.78302e-05
-8.73906e-05
-8.69532e-05
-8.6518e-05
-8.6085e-05
-8.56541e-05
-8.52254e-05
-8.47989e-05
-8.43745e-05
-8.39522e-05
-8.3532e-05
-8.31139e-05
-8.2698e-05
-8.22841e-05
-8.18722e-05
-8.14625e-05
-8.10548e-05
-8.06491e-05
-8.02454e-05
-7.98438e-05
-7.94442e-05
-7.90466e-05
-7.8651e-05
-7.82573e-05
-7.78656e-05
-7.74759e-05
-7.70882e-05
-7.67024e-05
-7.63185e-05
-7.59365e-05
-7.55564e-05
-7.51783e-05
-7.4802e-05
-7.44276e-05
-7.40551e-05
-7.36845e-05
-7.33157e-05
-7.29488e-05
-7.25837e-05
-7.22204e-05
-7.18589e-05
-7.14993e-05
-7.11415e-05
-7.07854e-05
-7.04311e-05
-7.00786e-05
-6.97279e-05
-6.93789e-05
-6.90317e-05
-6.86862e-05
-6.83424e-05
-6.80004e-05
-6.766e-05
-6.73214e-05
-6.69845e-05
-6.66492e-05
-6.63156e-05
-6.59837e-05
-6.56535e-05
-6.53249e-05
-6.4998e-05
-6.46727e-05
-6.4349e-05
-6.40269e-05
-6.37065e-05
-6.33876e-05
-6.30704e-05
-6.27547e-05
-6.24406e-05
-6.21281e-05
-6.18172e-05
-6.15078e-05
-6.12e-05
-6.08937e-05
-6.05889e-05
-6.02857e-05
-5.99839e-05
-5.96837e-05
-5.9385e-05
-5.90878e-05
-5.87921e-05
-5.84978e-05
-5.82051e-05
-5.79138e-05
-5.76239e-05
-5.73355e-05
-5.70486e-05
-5.6763e-05
-5.64789e-05
-5.61963e-05
-5.5915e-05
-5.56352e-05
-5.53567e-05
-5.50797e-05
-5.4804e-05
-5.45297e-05
-5.42568e-05
-5.39853e-05
-5.37151e-05
-5.34463e-05
-5.31788e-05
-5.29126e-05
-5.26478e-05
-5.23843e-05
-5.21221e-05
-5.18613e-05
-5.16017e-05
-5.13435e-05
-5.10865e-05
-5.08308e-05
-5.05764e-05
-5.03233e-05
-5.00714e-05
-4.98208e-05
-4.95715e-05
-4.93234e-05
-4.90766e-05
-4.88309e-05
-4.85865e-05
-4.83434e-05
-4.81014e-05
-4.78607e-05
-4.76212e-05
-4.73828e-05
-4.71457e-05
-4.69097e-05
-4.6675e-05
-4.64414e-05
-4.62089e-05
-4.59777e-05
-4.57476e-05
-4.55186e-05
-4.52908e-05
-4.50641e-05
-4.48386e-05
-4.46142e-05
-4.43909e-05
-4.41688e-05
-4.39477e-05
-4.37278e-05
-4.35089e-05
-4.32912e-05
-4.30745e-05
-4.28589e-05
-4.26444e-05
-4.2431e-05
-4.22186e-05
-4.20074e-05
-4.17971e-05
-4.15879e-05
-4.13798e-05
-4.11727e-05
-4.09667e-05
-4.07616e-05
-4.05576e-05
-4.03546e-05
-4.01527e-05
-3.99517e-05
-3.97518e-05
-3.95528e-05
-3.93549e-05
-3.91579e-05
-3.8962e-05
-3.8767e-05
-3.8573e-05
-3.83799e-05
-3.81878e-05
-3.79967e-05
-3.78066e-05
-3.76173e-05
-3.74291e-05
-3.72418e-05
-3.70554e-05
-3.68699e-05
-3.66854e-05
-3.65018e-05
-3.63191e-05
-3.61374e-05
-3.59565e-05
-3.57766e-05
-3.55975e-05
-3.54194e-05
-3.52421e-05
-3.50657e-05
-3.48902e-05
-3.47156e-05
-3.45419e-05
-3.4369e-05
-3.4197e-05
-3.40259e-05
-3.38556e-05
-3.36862e-05
-3.35176e-05
-3.33498e-05
-3.31829e-05
-3.30169e-05
-3.28516e-05
-3.26872e-05
-3.25236e-05
-3.23609e-05
-3.21989e-05
-3.20378e-05
-3.18774e-05
-3.17179e-05
-3.15592e-05
-3.14012e-05
-3.12441e-05
-3.10877e-05
-3.09321e-05
-3.07773e-05
-3.06233e-05
-3.05022e-05
-3.03427e-05
-3.01884e-05
-3.00354e-05
-2.98834e-05
-2.97324e-05
-2.95823e-05
-2.94331e-05
-2.9285e-05
-2.91378e-05
-2.89913e-05
-2.88455e-05
-2.87004e-05
-2.85561e-05
-2.84125e-05
-2.82696e-05
-2.81274e-05
-2.79861e-05
-2.78454e-05
-2.77055e-05
-2.75663e-05
-2.74278e-05
-2.72901e-05
-2.71531e-05
-2.70168e-05
-2.68813e-05
-2.67464e-05
-2.66122e-05
-2.64788e-05
-2.6346e-05
-2.62139e-05
-2.60824e-05
-2.59517e-05
-2.58216e-05
-2.56922e-05
-2.55636e-05
-2.54357e-05
-2.53084e-05
-2.51817e-05
-2.50557e-05
-2.49303e-05
-2.48055e-05
-2.46814e-05
-2.45579e-05
-2.4435e-05
-2.43127e-05
-2.4191e-05
-2.40699e-05
-2.39495e-05
-2.38296e-05
-2.37104e-05
-2.35917e-05
-2.34736e-05
-2.33561e-05
-2.32393e-05
-2.31229e-05
-2.30072e-05
-2.28921e-05
-2.27775e-05
-2.26635e-05
-2.25501e-05
-2.24372e-05
-2.2325e-05
-2.22132e-05
-2.21021e-05
-2.19915e-05
-2.18814e-05
-2.17719e-05
-2.16629e-05
-2.15545e-05
-2.14467e-05
-2.13393e-05
-2.12325e-05
-2.11263e-05
-2.10206e-05
-2.09154e-05
-2.08107e-05
-2.07065e-05
-2.06029e-05
-2.04998e-05
-2.03972e-05
-2.02951e-05
-2.01936e-05
-2.00925e-05
-1.9992e-05
-1.98919e-05
-1.97924e-05
-1.96933e-05
-1.95948e-05
-1.94967e-05
-1.93991e-05
-1.93021e-05
-1.92055e-05
-1.91094e-05
-1.90137e-05
-1.89186e-05
-1.88239e-05
-1.87297e-05
-1.8636e-05
-1.85427e-05
-1.84499e-05
-1.83576e-05
-1.82657e-05
-1.81743e-05
-1.80833e-05
-1.79928e-05
-1.79028e-05
-1.78132e-05
-1.77241e-05
-1.76354e-05
-1.75471e-05
-1.74593e-05
-1.7372e-05
-1.7285e-05
-1.71985e-05
-1.71125e-05
-1.70268e-05
-1.69416e-05
-1.68569e-05
-1.67725e-05
-1.66886e-05
-1.66051e-05
-1.6522e-05
-1.64393e-05
-1.6357e-05
-1.62752e-05
-1.61937e-05
-1.61127e-05
-1.60321e-05
-1.59519e-05
-1.5872e-05
-1.57926e-05
-1.57136e-05
-1.5635e-05
-1.55567e-05
-1.54789e-05
-1.54014e-05
-1.53243e-05
-1.52477e-05
-1.51714e-05
-1.50954e-05
-1.50199e-05
-1.49448e-05
-1.487e-05
-1.47956e-05
-1.47215e-05
-1.46479e-05
-1.45746e-05
-1.45016e-05
-1.44291e-05
-1.43569e-05
-1.4285e-05
-1.42135e-05
-1.41424e-05
-1.40716e-05
-1.40012e-05
-1.39312e-05
-1.38615e-05
-1.37921e-05
-1.37231e-05
-1.36544e-05
-1.35861e-05
-1.35181e-05
-1.34505e-05
-1.33832e-05
-1.33162e-05
-1.32496e-05
-1.31833e-05
-1.31173e-05
-1.30517e-05
-1.29863e-05
-1.29214e-05
-1.28567e-05
-1.27924e-05
-1.27284e-05
-1.26647e-05
-1.26013e-05
-1.25382e-05
-1.24755e-05
-1.24131e-05
-1.2351e-05
-1.22892e-05
-1.22277e-05
-1.21665e-05
-1.21056e-05
-1.2045e-05
-1.19848e-05
-1.19248e-05
-1.18651e-05
-1.18057e-05
-1.17467e-05
-1.16879e-05
-1.16294e-05
-1.15712e-05
-1.15133e-05
-1.14557e-05
-1.13984e-05
-1.13413e-05
-1.12846e-05
-1.12281e-05
-1.11719e-05
-1.1116e-05
-1.10604e-05
-1.10051e-05
-1.095e-05
-1.08952e-05
-1.08407e-05
-1.07864e-05
-1.07325e-05
-1.06788e-05
-1.06253e-05
-1.05722e-05
-1.05193e-05
-1.04666e-05
-1.04143e-05
-1.03621e-05
-1.03103e-05
-1.02587e-05
-1.02074e-05
-1.01563e-05
-1.01055e-05
-1.00549e-05
-1.00046e-05
-9.95454e-06
-9.90473e-06
-9.85517e-06
-9.80586e-06
-9.75679e-06
