-0.227627
-0.223826
-0.220194
-0.216703
-0.213332
-0.21007
-0.206905
-0.203832
-0.200844
-0.197936
-0.195104
-0.192346
-0.189658
-0.187044
-0.184495
-0.182008
-0.17958
-0.177209
-0.174895
-0.172635
-0.170432
-0.16828
-0.166178
-0.164123
-0.162115
-0.160156
-0.158239
-0.156365
-0.154535
-0.152744
-0.150994
-0.149285
-0.147618
-0.145985
-0.144387
-0.142821
-0.141287
-0.139784
-0.138312
-0.13687
-0.135456
-0.13407
-0.132711
-0.13138
-0.130074
-0.128793
-0.127537
-0.126304
-0.125095
-0.123909
-0.122745
-0.121602
-0.12048
-0.119379
-0.118298
-0.117236
-0.116193
-0.115169
-0.114162
-0.113173
-0.112201
-0.111245
-0.110306
-0.109383
-0.108475
-0.107582
-0.106703
-0.105839
-0.104989
-0.104153
-0.103329
-0.102519
-0.101721
-0.100935
-0.100162
-0.0993996
-0.0986491
-0.0979096
-0.097181
-0.0964631
-0.0957554
-0.0950579
-0.0943702
-0.0936921
-0.0930234
-0.0923638
-0.0917133
-0.0910714
-0.0904381
-0.0898132
-0.0891964
-0.0885875
-0.0879865
-0.087393
-0.086807
-0.0862283
-0.0856566
-0.0850919
-0.084534
-0.0839827
-0.083438
-0.0828996
-0.0823674
-0.0818413
-0.0813211
-0.0808068
-0.0802981
-0.0797951
-0.0792975
-0.0788053
-0.0783183
-0.0778364
-0.0773596
-0.0768877
-0.0764207
-0.0759584
-0.0755007
-0.0750476
-0.0745989
-0.0741546
-0.0737146
-0.0732788
-0.0728471
-0.0724195
-0.0719959
-0.0715761
-0.0711602
-0.0707481
-0.0703396
-0.0699348
-0.0695335
-0.0691357
-0.0687414
-0.0683505
-0.0679628
-0.0675785
-0.0671973
-0.0668193
-0.0664444
-0.0660726
-0.0657037
-0.0653379
-0.0649749
-0.0646148
-0.0642575
-0.0639029
-0.0635512
-0.063202
-0.0628556
-0.0625117
-0.0621705
-0.0618317
-0.0614955
-0.0611617
-0.0608303
-0.0605013
-0.0601747
-0.0598504
-0.0595284
-0.0592087
-0.0588912
-0.0585759
-0.0582628
-0.0579518
-0.0576429
-0.0573362
-0.0570315
-0.0567288
-0.0564281
-0.0561295
-0.0558328
-0.055538
-0.0552455
-0.054955
-0.0546664
-0.0543796
-0.0540946
-0.0538115
-0.0535301
-0.0532504
-0.0529725
-0.0526963
-0.0524218
-0.052149
-0.0518779
-0.0516084
-0.0513405
-0.0510743
-0.0508096
-0.0505465
-0.0502851
-0.0500251
-0.0497667
-0.0495098
-0.0492544
-0.0490006
-0.0487482
-0.0484972
-0.0482478
-0.0479997
-0.0477531
-0.0475079
-0.0472641
-0.0470217
-0.0467807
-0.0465411
-0.0463028
-0.0460659
-0.0458302
-0.045596
-0.045363
-0.0451313
-0.0449009
-0.0446718
-0.044444
-0.0442174
-0.0439921
-0.043768
-0.0435452
-0.0433236
-0.0431032
-0.042884
-0.042666
-0.0424491
-0.0422335
-0.042019
-0.0418057
-0.0415935
-0.0413825
-0.0411727
-0.0409639
-0.0407563
-0.0405498
-0.0403443
-0.04014
-0.0399368
-0.0397347
-0.0395336
-0.0393336
-0.0391347
-0.0389368
-0.03874
-0.0385442
-0.0383494
-0.0381557
-0.037963
-0.0377713
-0.0375806
-0.0373909
-0.0372022
-0.0370145
-0.0368277
-0.036642
-0.0364572
-0.0362734
-0.0360905
-0.0359086
-0.0357277
-0.0355476
-0.0353685
-0.0351904
-0.0350132
-0.0348368
-0.0346614
-0.0344869
-0.0343134
-0.0341407
-0.0339688
-0.0337979
-0.0336279
-0.0334587
-0.0332904
-0.033123
-0.0329564
-0.0327907
-0.0326259
-0.0324619
-0.0322987
-0.0321363
-0.0319748
-0.0318142
-0.0316543
-0.0314953
-0.031337
-0.0311796
-0.031023
-0.0308672
-0.0307122
-0.030558
-0.0304045
-0.0302519
-0.0301
-0.0299489
-0.0297985
-0.029649
-0.0295002
-0.0293521
-0.0292048
-0.0290582
-0.0289124
-0.0287674
-0.028623
-0.0284794
-0.0283366
-0.0281944
-0.028053
-0.0279123
-0.0277723
-0.027633
-0.0274944
-0.0273565
-0.0272194
-0.0270829
-0.0269471
-0.026812
-0.0266775
-0.0265438
-0.0264107
-0.0262783
-0.0261466
-0.0260155
-0.0258851
-0.0257554
-0.0256263
-0.0254978
-0.0253701
-0.0252429
-0.0251164
-0.0249905
-0.0248653
-0.0247407
-0.0246167
-0.0244934
-0.0243707
-0.0242486
-0.0241271
-0.0240062
-0.0238859
-0.0237663
-0.0236472
-0.0235287
-0.0234109
-0.0232936
-0.0231769
-0.0230608
-0.0229453
-0.0228304
-0.022716
-0.0226023
-0.0224891
-0.0223764
-0.0222644
-0.0221529
-0.0220419
-0.0219315
-0.0218217
-0.0217124
-0.0216037
-0.0214955
-0.0213879
-0.0212808
-0.0211742
-0.0210682
-0.0209627
-0.0208577
-0.0207533
-0.0206494
-0.020546
-0.0204431
-0.0203408
-0.0202389
-0.0201376
-0.0200368
-0.0199365
-0.0198367
-0.0197373
-0.0196385
-0.0195402
-0.0194424
-0.0193451
-0.0192482
-0.0191519
-0.019056
-0.0189606
-0.0188657
-0.0187713
-0.0186773
-0.0185838
-0.0184908
-0.0183982
-0.0183061
-0.0182145
-0.0181233
-0.0180326
-0.0179424
-0.0178525
-0.0177632
-0.0176743
-0.0175858
-0.0174978
-0.0174102
-0.0173231
-0.0172364
-0.0171501
-0.0170643
-0.0169789
-0.0168939
-0.0168094
-0.0167252
-0.0166415
-0.0165582
-0.0164754
-0.0163929
-0.0163109
-0.0162293
-0.016148
-0.0160672
-0.0159868
-0.0159068
-0.0158272
-0.015748
-0.0156692
-0.0155908
-0.0155128
-0.0154351
-0.0153579
-0.015281
-0.0152046
-0.0151285
-0.0150528
-0.0149775
-0.0149025
-0.0148279
-0.0147537
-0.0146799
-0.0146065
-0.0145334
-0.0144607
-0.0143883
-0.0143163
-0.0142447
-0.0141734
-0.0141025
-0.0140319
-0.0139617
-0.0138918
-0.0138223
-0.0137532
-0.0136843
-0.0136159
-0.0135478
-0.01348
-0.0134125
-0.0133454
-0.0132786
-0.0132122
-0.0131461
-0.0130803
-0.0130149
-0.0129498
-0.012885
-0.0128205
-0.0127563
-0.0126925
-0.012629
-0.0125658
-0.012503
-0.0124404
-0.0123782
-0.0123162
-0.0122546
-0.0121933
-0.0121323
-0.0120716
-0.0120112
-0.0119511
-0.0118913
-0.0118318
-0.0117726
-0.0117137
-0.0116551
-0.0115968
-0.0115388
-0.0114811
-0.0114236
-0.0113665
-0.0113096
-0.011253
-0.0111967
-0.0111407
-0.011085
-0.0110295
-0.0109744
-0.0109195
-0.0108648
-0.0108105
-0.0107564
-0.0107026
-0.010649
-0.0105958
-0.0105428
-0.01049
-0.0104375
-0.0103853
-0.0103334
-0.0102817
-0.0102302
-0.0101791
-0.0101281
-0.0100775
-0.0100271
-0.0099769
-0.00992699
-0.00987733
-0.00982791
-0.00977875
-0.00972983
-0.00968116
-0.00963273
-0.00958454
-0.0095366
-0.00948889
-0.00944142
-0.00939419
-0.0093472
-0.00930044
-0.00925391
-0.00920762
-0.00916156
-0.00911573
-0.00907013
-0.00902476
-0.00897962
-0.0089347
-0.00889
-0.00884553
-0.00880129
-0.00875726
-0.00871345
-0.00866987
-0.0086265
-0.00858335
-0.00854041
-0.00849769
-0.00845518
-0.00841289
-0.0083708
-0.00832893
-0.00828727
-0.00824581
-0.00820457
-0.00816353
-0.00812269
-0.00808206
-0.00804163
-0.00800141
-0.00796138
-0.00792156
-0.00788194
-0.00784251
-0.00780328
-0.00776425
-0.00772541
-0.00768677
-0.00764832
-0.00761006
-0.007572
-0.00753412
-0.00749644
-0.00745894
-0.00742163
-0.00738451
-0.00734757
-0.00731082
-0.00727425
-0.00723786
-0.00720166
-0.00716564
-0.0071298
-0.00709413
-0.00705865
-0.00702334
-0.00698821
-0.00695326
-0.00691848
-0.00688387
-0.00684944
-0.00681518
-0.00678109
-0.00674717
-0.00671343
-0.00667985
-0.00664644
-0.00661319
-0.00658011
-0.0065472
-0.00651445
-0.00648187
-0.00644945
-0.00641719
-0.00638509
-0.00635316
-0.00632138
-0.00628976
-0.0062583
-0.006227
-0.00619585
-0.00616486
-0.00613403
-0.00610335
-0.00607282
-0.00604245
-0.00601222
-0.00598215
-0.00595223
-0.00592246
-0.00589284
-0.00586336
-0.00583404
-0.00580486
-0.00577582
-0.00574694
-0.00571819
-0.00568959
-0.00566113
-0.00563282
-0.00560465
-0.00557661
-0.00554872
-0.00552097
-0.00549336
-0.00546588
-0.00543854
-0.00541134
-0.00538428
-0.00535735
-0.00533055
-0.00530389
-0.00527736
-0.00525097
-0.00522471
-0.00519857
-0.00517257
-0.0051467
-0.00512096
-0.00509535
-0.00506987
-0.00504451
-0.00501928
-0.00499417
-0.0049692
-0.00494434
-0.00491961
-0.00489501
-0.00487053
-0.00484617
-0.00482193
-0.00479781
-0.00477382
-0.00474994
-0.00472618
-0.00470255
-0.00467903
-0.00465563
-0.00463234
-0.00460917
-0.00458612
-0.00456318
-0.00454036
-0.00451765
-0.00449506
-0.00447258
-0.00445021
-0.00442795
-0.00440581
-0.00438377
-0.00436185
-0.00434003
-0.00431833
-0.00429673
-0.00427524
-0.00425386
-0.00423258
-0.00421141
-0.00419035
-0.00416939
-0.00414854
-0.00412779
-0.00410715
-0.00408661
-0.00406617
-0.00404583
-0.0040256
-0.00400547
-0.00398543
-0.0039655
-0.00394567
-0.00392594
-0.0039063
-0.00388677
-0.00386733
-0.00384799
-0.00382874
-0.00380959
-0.00379054
-0.00377158
-0.00375272
-0.00373395
-0.00371528
-0.0036967
-0.00367821
-0.00365981
-0.00364151
-0.0036233
-0.00360518
-0.00358715
-0.00356921
-0.00355136
-0.0035336
-0.00351592
-0.00349834
-0.00348085
-0.00346344
-0.00344612
-0.00342888
-0.00341173
-0.00339467
-0.00337769
-0.0033608
-0.00334399
-0.00332727
-0.00331063
-0.00329407
-0.0032776
-0.00326121
-0.0032449
-0.00322867
-0.00321252
-0.00319646
-0.00318047
-0.00316457
-0.00314874
-0.00313299
-0.00311732
-0.00310173
-0.00308622
-0.00307079
-0.00305543
-0.00304016
-0.00302495
-0.00300983
-0.00299477
-0.0029798
-0.0029649
-0.00295007
-0.00293532
-0.00292064
-0.00290604
-0.0028915
-0.00287704
-0.00286266
-0.00284834
-0.0028341
-0.00281993
-0.00280583
-0.00279179
-0.00277783
-0.00276394
-0.00275012
-0.00273637
-0.00272269
-0.00270907
-0.00269552
-0.00268204
-0.00266863
-0.00265529
-0.00264201
-0.0026288
-0.00261565
-0.00260257
-0.00258956
-0.00257661
-0.00256373
-0.00255091
-0.00253815
-0.00252546
-0.00251283
-0.00250026
-0.00248776
-0.00247532
-0.00246294
-0.00245063
-0.00243837
-0.00242618
-0.00241405
-0.00240198
-0.00238996
-0.00237801
-0.00236612
-0.00235429
-0.00234252
-0.0023308
-0.00231915
-0.00230755
-0.00229601
-0.00228453
-0.00227311
-0.00226174
-0.00225043
-0.00223918
-0.00222798
-0.00221684
-0.00220576
-0.00219473
-0.00218375
-0.00217283
-0.00216197
-0.00215116
-0.0021404
-0.0021297
-0.00211905
-0.00210845
-0.00209791
-0.00208742
-0.00207698
-0.0020666
-0.00205626
-0.00204598
-0.00203575
-0.00202557
-0.00201544
-0.00200536
-0.00199534
-0.00198536
-0.00197543
-0.00196555
-0.00195572
-0.00194594
-0.00193621
-0.00192653
-0.0019169
-0.00190731
-0.00189778
-0.00188829
-0.00187885
-0.00186945
-0.0018601
-0.0018508
-0.00184155
-0.00183234
-0.00182318
-0.00181406
-0.00180499
-0.00179596
-0.00178698
-0.00177805
-0.00176916
-0.00176031
-0.00175151
-0.00174275
-0.00173404
-0.00172537
-0.00171674
-0.00170816
-0.00169961
-0.00169112
-0.00168266
-0.00167425
-0.00166587
-0.00165755
-0.00164926
-0.00164101
-0.00163281
-0.00162464
-0.00161652
-0.00160843
-0.00160039
-0.00159239
-0.00158443
-0.0015765
-0.00156862
-0.00156078
-0.00155297
-0.00154521
-0.00153748
-0.0015298
-0.00152215
-0.00151454
-0.00150696
-0.00149943
-0.00149193
-0.00148447
-0.00147705
-0.00146966
-0.00146231
-0.001455
-0.00144773
-0.00144049
-0.00143329
-0.00142612
-0.00141899
-0.00141189
-0.00140483
-0.00139781
-0.00139082
-0.00138387
-0.00137695
-0.00137006
-0.00136321
-0.0013564
-0.00134961
-0.00134287
-0.00133615
-0.00132947
-0.00132282
-0.00131621
-0.00130963
-0.00130308
-0.00129656
-0.00129008
-0.00128363
-0.00127721
-0.00127083
-0.00126447
-0.00125815
-0.00125186
-0.0012456
-0.00123937
-0.00123318
-0.00122701
-0.00122087
-0.00121477
-0.0012087
-0.00120265
-0.00119664
-0.00119066
-0.0011847
-0.00117878
-0.00117289
-0.00116702
-0.00116119
-0.00115538
-0.0011496
-0.00114386
-0.00113814
-0.00113245
-0.00112678
-0.00112115
-0.00111555
-0.00110997
-0.00110442
-0.0010989
-0.0010934
-0.00108793
-0.0010825
-0.00107708
-0.0010717
-0.00106634
-0.00106101
-0.0010557
-0.00105042
-0.00104517
-0.00103995
-0.00103475
-0.00102957
-0.00102443
-0.0010193
-0.00101421
-0.00100914
-0.00100409
-0.000999072
-0.000994077
-0.000989106
-0.000984161
-0.000979241
-0.000974345
-0.000969473
-0.000964626
-0.000959803
-0.000955004
-0.00095023
-0.000945479
-0.000940752
-0.000936048
-0.000931368
-0.000926712
-0.000922078
-0.000917468
-0.000912881
-0.000908317
-0.000903776
-0.000899257
-0.000894761
-0.000890288
-0.000885837
-0.000881408
-0.000877001
-0.000872616
-0.000868254
-0.000863913
-0.000859593
-0.000855296
-0.00085102
-0.000846765
-0.000842531
-0.000838319
-0.000834128
-0.000829957
-0.000825808
-0.000821679
-0.000817571
-0.000813484
-0.000809417
-0.00080537
-0.000801344
-0.000797337
-0.000793351
-0.000789384
-0.000785438
-0.000781511
-0.000777604
-0.000773716
-0.000769848
-0.000765999
-0.00076217
-0.000758359
-0.000754568
-0.000750795
-0.000747042
-0.000743307
-0.000739591
-0.000735893
-0.000732214
-0.000728554
-0.000724911
-0.000721287
-0.000717681
-0.000714093
-0.000710523
-0.000706971
-0.000703436
-0.00069992
-0.00069642
-0.000692939
-0.000689474
-0.000686028
-0.000682598
-0.000679185
-0.00067579
-0.000672411
-0.00066905
-0.000665705
-0.000662377
-0.000659065
-0.00065577
-0.000652492
-0.00064923
-0.000645984
-0.000642755
-0.000639542
-0.000636344
-0.000633163
-0.000629998
-0.000626848
-0.000623714
-0.000620596
-0.000617494
-0.000614409
-0.000611337
-0.000608281
-0.00060524
-0.000602214
-0.000599203
-0.000596208
-0.000593227
-0.000590261
-0.00058731
-0.000584374
-0.000581453
-0.000578546
-0.000575654
-0.000572776
-0.000569912
-0.000567063
-0.000564228
-0.000561408
-0.000558601
-0.000555809
-0.00055303
-0.000550265
-0.000547515
-0.000544778
-0.000542054
-0.000539344
-0.000536648
-0.000533965
-0.000531296
-0.00052864
-0.000525997
-0.000523368
-0.000520752
-0.000518148
-0.000515558
-0.000512981
-0.000510417
-0.000507865
-0.000505326
-0.0005028
-0.000500287
-0.000497786
-0.000495297
-0.000492821
-0.000490358
-0.000487907
-0.000485468
-0.000483041
-0.000480626
-0.000478224
-0.000475833
-0.000473454
-0.000471088
-0.000468733
-0.00046639
-0.000464058
-0.000461738
-0.00045943
-0.000457134
-0.000454849
-0.000452575
-0.000450313
-0.000448062
-0.000445822
-0.000443593
-0.000441376
-0.00043917
-0.000436974
-0.00043479
-0.000432617
-0.000430454
-0.000428302
-0.000426161
-0.000424031
-0.000421912
-0.000419803
-0.000417704
-0.000415616
-0.000413539
-0.000411472
-0.000409415
-0.000407368
-0.000405332
-0.000403306
-0.00040129
-0.000399284
-0.000397288
-0.000395302
-0.000393327
-0.00039136
-0.000389404
-0.000387458
-0.000385521
-0.000383594
-0.000381677
-0.000379769
-0.000377871
-0.000375982
-0.000374103
-0.000372233
-0.000370372
-0.000368521
-0.000366679
-0.000364846
-0.000363022
-0.000361208
-0.000359402
-0.000357606
-0.000355819
-0.00035404
-0.000352271
-0.00035051
-0.000348758
-0.000347015
-0.00034528
-0.000343554
-0.000341837
-0.000340129
-0.000338429
-0.000336737
-0.000335054
-0.000333379
-0.000331713
-0.000330055
-0.000328405
-0.000326764
-0.000325131
-0.000323506
-0.000321889
-0.00032028
-0.000318679
-0.000317086
-0.000315502
-0.000313925
-0.000312356
-0.000310795
-0.000309241
-0.000307696
-0.000306158
-0.000304628
-0.000303105
-0.00030159
-0.000300083
-0.000298583
-0.000297091
-0.000295606
-0.000294129
-0.000292659
-0.000291196
-0.000289741
-0.000288292
-0.000286852
-0.000285418
-0.000283992
-0.000282572
-0.00028116
-0.000279755
-0.000278357
-0.000276966
-0.000275581
-0.000274204
-0.000272834
-0.00027147
-0.000270113
-0.000268763
-0.00026742
-0.000266084
-0.000264754
-0.000263431
-0.000262114
-0.000260804
-0.000259501
-0.000258204
-0.000256914
-0.00025563
-0.000254352
-0.000253081
-0.000251817
-0.000250558
-0.000249306
-0.00024806
-0.00024682
-0.000245587
-0.00024436
-0.000243138
-0.000241923
-0.000240714
-0.000239512
-0.000238315
-0.000237124
-0.000235939
-0.00023476
-0.000233587
-0.000232419
-0.000231258
-0.000230102
-0.000228952
-0.000227808
-0.00022667
-0.000225537
-0.00022441
-0.000223289
-0.000222173
-0.000221063
-0.000219958
-0.000218859
-0.000217765
-0.000216677
-0.000215594
-0.000214517
-0.000213445
-0.000212378
-0.000211317
-0.000210261
-0.000209211
-0.000208165
-0.000207125
-0.00020609
-0.00020506
-0.000204036
-0.000203016
-0.000202002
-0.000200992
-0.000199988
-0.000198989
-0.000197995
-0.000197005
-0.000196021
-0.000195041
-0.000194067
-0.000193097
-0.000192132
-0.000191172
-0.000190217
-0.000189267
-0.000188321
-0.00018738
-0.000186444
-0.000185512
-0.000184585
-0.000183663
-0.000182745
-0.000181832
-0.000180924
-0.00018002
-0.000179121
-0.000178226
-0.000177335
-0.000176449
-0.000175568
-0.00017469
-0.000173818
-0.000172949
-0.000172085
-0.000171225
-0.00017037
-0.000169519
-0.000168672
-0.000167829
-0.000166991
-0.000166156
-0.000165326
-0.0001645
-0.000163678
-0.000162861
-0.000162047
-0.000161237
-0.000160432
-0.00015963
-0.000158833
-0.000158039
-0.00015725
-0.000156464
-0.000155683
-0.000154905
-0.000154131
-0.000153361
-0.000152595
-0.000151833
-0.000151074
-0.00015032
-0.000149569
-0.000148821
-0.000148078
-0.000147338
-0.000146602
-0.00014587
-0.000145141
-0.000144416
-0.000143695
-0.000142977
-0.000142263
-0.000141552
-0.000140845
-0.000140141
-0.000139441
-0.000138745
-0.000138052
-0.000137362
-0.000136676
-0.000135993
-0.000135314
-0.000134638
-0.000133966
-0.000133297
-0.000132631
-0.000131968
-0.000131309
-0.000130653
-0.000130001
-0.000129351
-0.000128705
-0.000128062
-0.000127423
-0.000126786
-0.000126153
-0.000125523
-0.000124896
-0.000124272
-0.000123652
-0.000123034
-0.00012242
-0.000121808
-0.0001212
-0.000120594
-0.000119992
-0.000119393
-0.000118797
-0.000118203
-0.000117613
-0.000117026
-0.000116441
-0.00011586
-0.000115281
-0.000114705
-0.000114132
-0.000113562
-0.000112995
-0.000112431
-0.000111869
-0.000111311
-0.000110755
-0.000110202
-0.000109652
-0.000109104
-0.000108559
-0.000108017
-0.000107478
-0.000106941
-0.000106407
-0.000105876
-0.000105347
-0.000104821
-0.000104297
-0.000103777
-0.000103258
-0.000102743
-0.00010223
-0.000101719
-0.000101211
-0.000100706
-0.000100203
-9.97028e-05
-9.92049e-05
-9.87096e-05
-9.82167e-05
-9.77263e-05
-9.72384e-05
-9.67529e-05
-9.62698e-05
-9.57891e-05
-9.53109e-05
-9.4835e-05
-9.43615e-05
-9.38904e-05
-9.34216e-05
-9.29552e-05
-9.24911e-05
-9.20293e-05
-9.15699e-05
-9.11127e-05
-9.06578e-05
-9.02052e-05
-8.97549e-05
-8.93068e-05
-8.8861e-05
-8.84173e-05
-8.79759e-05
-8.75367e-05
-8.70997e-05
-8.66649e-05
-8.62323e-05
-8.58018e-05
-8.53735e-05
-8.49473e-05
-8.45233e-05
-8.41013e-05
-8.36815e-05
-8.32638e-05
-8.28482e-05
-8.24346e-05
-8.20231e-05
-8.16137e-05
-8.12063e-05
-8.0801e-05
-8.03977e-05
-7.99964e-05
-7.95971e-05
-7.91998e-05
-7.88044e-05
-7.84111e-05
-7.80197e-05
-7.76303e-05
-7.72429e-05
-7.68573e-05
-7.64737e-05
-7.60921e-05
-7.57123e-05
-7.53344e-05
-7.49584e-05
-7.45843e-05
-7.42121e-05
-7.38417e-05
-7.34732e-05
-7.31065e-05
-7.27417e-05
-7.23787e-05
-7.20175e-05
-7.16581e-05
-7.13005e-05
-7.09446e-05
-7.05906e-05
-7.02383e-05
-6.98878e-05
-6.95391e-05
-6.91921e-05
-6.88468e-05
-6.85033e-05
-6.81614e-05
-6.78213e-05
-6.74829e-05
-6.71462e-05
-6.68111e-05
-6.64778e-05
-6.61461e-05
-6.5816e-05
-6.54877e-05
-6.51609e-05
-6.48358e-05
-6.45123e-05
-6.41904e-05
-6.38702e-05
-6.35515e-05
-6.32344e-05
-6.2919e-05
-6.26051e-05
-6.22927e-05
-6.19819e-05
-6.16727e-05
-6.13651e-05
-6.10589e-05
-6.07543e-05
-6.04512e-05
-6.01497e-05
-5.98496e-05
-5.95511e-05
-5.9254e-05
-5.89584e-05
-5.86643e-05
-5.83717e-05
-5.80805e-05
-5.77908e-05
-5.75025e-05
-5.72157e-05
-5.69303e-05
-5.66464e-05
-5.63638e-05
-5.60827e-05
-5.5803e-05
-5.55247e-05
-5.52477e-05
-5.49722e-05
-5.4698e-05
-5.44252e-05
-5.41538e-05
-5.38837e-05
-5.3615e-05
-5.33476e-05
-5.30815e-05
-5.28168e-05
-5.25534e-05
-5.22914e-05
-5.20306e-05
-5.17711e-05
-5.1513e-05
-5.12561e-05
-5.10005e-05
-5.07462e-05
-5.04932e-05
-5.02414e-05
-4.99909e-05
-4.97416e-05
-4.94936e-05
-4.92468e-05
-4.90013e-05
-4.8757e-05
-4.85139e-05
-4.8272e-05
-4.80313e-05
-4.77919e-05
-4.75536e-05
-4.73165e-05
-4.70806e-05
-4.68459e-05
-4.66124e-05
-4.638e-05
-4.61488e-05
-4.59188e-05
-4.56899e-05
-4.54621e-05
-4.52355e-05
-4.501e-05
-4.47856e-05
-4.45624e-05
-4.43403e-05
-4.41193e-05
-4.38994e-05
-4.36806e-05
-4.34629e-05
-4.32462e-05
-4.30307e-05
-4.28162e-05
-4.26029e-05
-4.23905e-05
-4.21793e-05
-4.19691e-05
-4.17599e-05
-4.15518e-05
-4.13447e-05
-4.11387e-05
-4.09337e-05
-4.07297e-05
-4.05268e-05
-4.03248e-05
-4.01239e-05
-3.9924e-05
-3.97251e-05
-3.95271e-05
-3.93302e-05
-3.91342e-05
-3.89393e-05
-3.87453e-05
-3.85522e-05
-3.83602e-05
-3.8169e-05
-3.79789e-05
-3.77897e-05
-3.76014e-05
-3.74141e-05
-3.72278e-05
-3.70423e-05
-3.68578e-05
-3.66742e-05
-3.64915e-05
-3.63098e-05
-3.61289e-05
-3.5949e-05
-3.57699e-05
-3.55917e-05
-3.54145e-05
-3.52381e-05
-3.50626e-05
-3.4888e-05
-3.47142e-05
-3.45414e-05
-3.43694e-05
-3.41982e-05
-3.40279e-05
-3.38585e-05
-3.36899e-05
-3.35221e-05
-3.33552e-05
-3.31891e-05
-3.30239e-05
-3.28594e-05
-3.26958e-05
-3.2533e-05
-3.23711e-05
-3.22099e-05
-3.20496e-05
-3.189e-05
-3.17313e-05
-3.15733e-05
-3.14161e-05
-3.12597e-05
-3.11041e-05
-3.09493e-05
-3.07953e-05
-3.0642e-05
-3.04905e-05
-3.03386e-05
-3.01876e-05
-3.00372e-05
-2.98877e-05
-2.97389e-05
-2.95909e-05
-2.94436e-05
-2.9297e-05
-2.91512e-05
-2.90061e-05
-2.88618e-05
-2.87181e-05
-2.85752e-05
-2.8433e-05
-2.82915e-05
-2.81507e-05
-2.80107e-05
-2.78713e-05
-2.77326e-05
-2.75947e-05
-2.74574e-05
-2.73208e-05
-2.71849e-05
-2.70496e-05
-2.69151e-05
-2.67812e-05
-2.6648e-05
-2.65154e-05
-2.63836e-05
-2.62524e-05
-2.61218e-05
-2.59919e-05
-2.58626e-05
-2.5734e-05
-2.5606e-05
-2.54787e-05
-2.5352e-05
-2.52259e-05
-2.51005e-05
-2.49757e-05
-2.48515e-05
-2.4728e-05
-2.4605e-05
-2.44827e-05
-2.4361e-05
-2.42399e-05
-2.41194e-05
-2.39995e-05
-2.38802e-05
-2.37615e-05
-2.36434e-05
-2.35258e-05
-2.34089e-05
-2.32926e-05
-2.31768e-05
-2.30616e-05
-2.2947e-05
-2.2833e-05
-2.27195e-05
-2.26066e-05
-2.24943e-05
-2.23825e-05
-2.22713e-05
-2.21606e-05
-2.20505e-05
-2.19409e-05
-2.18319e-05
-2.17235e-05
-2.16156e-05
-2.15082e-05
-2.14013e-05
-2.1295e-05
-2.11892e-05
-2.1084e-05
-2.09793e-05
-2.08751e-05
-2.07714e-05
-2.06682e-05
-2.05656e-05
-2.04634e-05
-2.03618e-05
-2.02607e-05
-2.01601e-05
-2.006e-05
-1.99604e-05
-1.98613e-05
-1.97627e-05
-1.96646e-05
-1.9567e-05
-1.94698e-05
-1.93732e-05
-1.9277e-05
-1.91813e-05
-1.90861e-05
-1.89914e-05
-1.88971e-05
-1.88033e-05
-1.871e-05
-1.86172e-05
-1.85248e-05
-1.84328e-05
-1.83414e-05
-1.82504e-05
-1.81598e-05
-1.80697e-05
-1.79801e-05
-1.78909e-05
-1.78021e-05
-1.77138e-05
-1.76259e-05
-1.75385e-05
-1.74515e-05
-1.73649e-05
-1.72788e-05
-1.71931e-05
-1.71078e-05
-1.7023e-05
-1.69386e-05
-1.68546e-05
-1.6771e-05
-1.66879e-05
-1.66051e-05
-1.65228e-05
-1.64409e-05
-1.63594e-05
-1.62783e-05
-1.61976e-05
-1.61173e-05
-1.60374e-05
-1.59579e-05
-1.58788e-05
-1.58001e-05
-1.57218e-05
-1.56439e-05
-1.55664e-05
-1.54892e-05
-1.54125e-05
-1.53361e-05
-1.52601e-05
-1.51845e-05
-1.51093e-05
-1.50344e-05
-1.496e-05
-1.48859e-05
-1.48121e-05
-1.47388e-05
-1.46658e-05
-1.45931e-05
-1.45209e-05
-1.4449e-05
-1.43774e-05
-1.43062e-05
-1.42354e-05
-1.41649e-05
-1.40948e-05
-1.4025e-05
-1.39556e-05
-1.38865e-05
-1.38177e-05
-1.37493e-05
-1.36813e-05
-1.36136e-05
-1.35462e-05
-1.34792e-05
-1.34125e-05
-1.33461e-05
-1.32801e-05
-1.32144e-05
-1.3149e-05
-1.30839e-05
-1.30192e-05
-1.29548e-05
-1.28907e-05
-1.2827e-05
-1.27635e-05
-1.27004e-05
-1.26376e-05
-1.25751e-05
-1.25129e-05
-1.24511e-05
-1.23895e-05
-1.23283e-05
-1.22673e-05
-1.22067e-05
-1.21463e-05
-1.20863e-05
-1.20266e-05
-1.19671e-05
-1.1908e-05
-1.18491e-05
-1.17906e-05
-1.17323e-05
-1.16744e-05
-1.16167e-05
-1.15593e-05
-1.15022e-05
-1.14454e-05
-1.13889e-05
-1.13326e-05
-1.12766e-05
-1.1221e-05
-1.11655e-05
-1.11104e-05
-1.10556e-05
-1.1001e-05
-1.09467e-05
-1.08926e-05
-1.08389e-05
-1.07854e-05
-1.07321e-05
-1.06792e-05
-1.06265e-05
-1.0574e-05
-1.05219e-05
-1.04699e-05
-1.04183e-05
-1.03669e-05
-1.03157e-05
-1.02649e-05
-1.02142e-05
-1.01639e-05
-1.01137e-05
-1.00639e-05
-1.00142e-05
-9.96487e-06
