0.523254
0.499785
0.49795
0.498652
0.490042
0.497196
0.491581
0.488208
0.487556
0.502053
0.491978
0.48935
0.490411
0.493624
0.494488
0.491528
0.496113
0.492956
0.501849
0.494898
0.488445
0.495273
0.508444
0.496023
0.48939
0.487211
0.488816
0.491743
0.493617
0.487685
0.487726
0.49343
0.494425
0.486492
0.501462
0.506504
0.493497
0.498954
0.496296
0.495747
0.492818
0.488586
0.485258
0.489348
0.486339
0.507206
0.508313
0.491482
0.49032
0.497716
0.496631
0.495031
0.4956
0.486999
0.489157
0.492843
0.493415
0.496109
0.487413
0.489228
0.491242
0.490097
0.499796
0.485142
0.493796
0.491846
0.494003
0.489121
0.498647
0.486764
0.494586
0.488325
0.498546
0.493098
0.494974
0.490113
0.490943
0.504601
0.486115
0.49651
0.49209
0.491759
0.487826
0.497711
0.490957
0.497366
0.498606
0.493991
0.491135
0.489455
0.494495
0.491323
0.499572
0.493281
0.500964
0.505705
0.498436
0.493157
0.493464
0.493079
0.493435
0.488806
0.486537
0.489409
0.494199
0.492147
0.495666
0.491015
0.494145
0.4942
0.496417
0.484788
0.491568
0.486761
0.496288
0.498113
0.491649
0.490925
0.49203
0.492286
0.495342
0.496845
0.493333
0.492529
0.490912
0.497433
0.492835
0.496207
0.490677
0.500288
0.490893
0.499171
0.488668
0.488681
0.493404
0.50291
0.487508
0.496669
0.49075
0.489036
0.494318
0.507971
0.493869
0.498144
0.4934
0.482938
0.491414
0.500152
0.483956
0.487019
0.48743
0.494842
0.493805
0.489132
0.497785
0.493599
0.487791
0.4911
0.503909
0.488253
0.490415
0.500834
0.488181
0.500305
0.496164
0.483293
0.487316
0.493209
0.48606
0.492962
0.489003
0.499241
0.48537
0.499745
0.499617
0.491815
0.498059
0.493234
0.485271
0.492611
0.493597
0.495172
0.487689
0.500553
0.487888
0.49268
0.492524
0.486981
0.489286
0.489694
0.501924
0.490477
0.496265
0.48925
0.499181
0.48874
0.484798
0.485452
0.489661
0.485325
0.491094
0.491123
0.494073
0.489133
0.489874
0.492796
0.496632
0.49116
0.496201
0.491697
0.49639
0.499233
0.488497
0.496605
0.489428
0.49996
0.492345
0.498964
0.48935
0.497932
0.484016
0.495126
0.489184
0.490253
0.489083
0.492748
0.492752
0.492645
0.490793
0.497759
0.495703
0.492436
0.49453
0.493788
0.493245
0.491936
0.495161
0.494547
0.497079
0.497746
0.49038
0.497533
0.492148
0.50257
0.508187
0.487015
0.496857
0.489804
0.504814
0.505635
0.488869
0.500802
0.498279
0.490791
0.491006
0.488785
0.492701
0.487078
0.490702
0.487656
0.488948
0.496343
0.496813
0.502205
0.493567
0.496765
0.495471
0.487292
0.499691
0.486781
0.503198
0.491457
0.488073
0.495275
0.488089
0.499194
0.489738
0.490695
0.491779
0.495827
0.493798
0.492482
0.492434
0.493768
0.493114
0.493159
0.505309
0.500943
0.486623
0.495843
0.49835
0.488334
0.489758
0.494904
0.49456
0.494854
0.493235
0.497614
0.486466
0.487461
0.491761
0.50314
0.490505
0.492866
0.492677
0.493586
0.486051
0.489218
0.501211
0.503676
0.496491
0.490582
0.488871
0.496375
0.490898
0.48336
0.500942
0.493855
0.495742
0.489731
0.499929
0.499185
0.495533
0.48678
0.496427
0.490085
0.496418
0.489979
0.497818
0.491496
0.494941
0.495538
0.498412
0.499602
0.494883
0.491969
0.497649
0.496386
0.497712
0.495823
0.497965
0.499987
0.495562
0.491668
0.483501
0.486499
0.494743
0.48762
0.49164
0.48713
0.487794
0.492962
0.491441
0.494178
0.489822
0.491704
0.494034
0.498339
0.490248
0.496639
0.491665
0.49785
0.490609
0.493433
0.500341
0.487133
0.490496
0.490728
0.49639
0.49467
0.493509
0.491381
0.499489
0.486508
0.494145
0.490954
0.491362
0.490203
0.49358
0.49193
0.496447
0.497496
0.493043
0.493079
0.494083
0.489431
0.501191
0.493337
0.50266
0.493376
0.499833
0.487025
0.498111
0.488963
0.498297
0.507125
0.493889
0.495964
0.491974
0.505718
0.484933
0.492781
0.493197
0.49166
0.49346
0.488163
0.495935
0.490193
0.494846
0.490833
0.486574
0.494627
0.49088
0.495751
0.496072
0.489808
0.487306
0.499803
0.507646
0.511225
0.497972
0.486452
0.492731
0.498231
0.490682
0.488429
0.493721
0.489506
0.502562
0.499653
0.499972
0.489094
0.494236
0.500558
0.48807
0.494374
0.500784
0.487672
0.494735
0.501796
0.490433
0.501058
0.485835
0.488061
0.495653
0.493305
0.495034
0.489409
0.496643
0.485583
0.504221
0.495683
0.497159
0.489403
0.488685
0.497947
0.490737
0.494348
0.503086
0.498933
0.492147
0.494742
0.493008
0.495844
0.487521
0.493022
0.487743
0.499849
0.496263
0.491676
0.491727
0.49253
0.491989
0.497411
0.486234
0.489953
0.498675
0.487498
0.486702
0.484458
0.48479
0.48311
0.485738
0.490009
0.482114
0.48098
0.487875
0.483774
0.484537
0.483893
0.493167
0.487552
0.480808
0.481295
0.479963
0.477079
0.500349
0.503178
0.486117
0.480217
0.478713
0.476348
0.501434
0.491031
0.47795
0.474286
0.484468
0.482669
0.47867
0.484148
0.490949
0.481582
0.485295
0.480213
0.481623
0.477748
0.475904
0.481961
0.483251
0.479159
0.473193
0.478725
0.49362
0.489975
0.480426
0.483964
0.482564
0.480783
0.485817
0.488301
0.473641
0.482982
0.477441
0.474852
0.482663
0.476965
0.473835
0.482706
0.477616
0.473864
0.482812
0.477494
0.473797
0.483346
0.477712
0.473541
0.482902
0.477513
0.474299
0.482738
0.476892
0.473893
0.482586
0.477782
0.474181
0.482423
0.477612
0.474057
0.483589
0.477041
0.473712
0.482688
0.477528
0.474398
0.48272
0.477184
0.474124
0.482604
0.477691
0.473764
0.482628
0.477652
0.473841
0.484185
0.479321
0.473774
0.482647
0.477638
0.47411
0.482864
0.477234
0.47379
0.486127
0.477719
0.474015
0.48247
0.477347
0.473745
0.483166
0.477143
0.473686
0.482591
0.477258
0.474412
0.48688
0.480547
0.47428
0.482781
0.477601
0.473936
0.482124
0.477457
0.473838
0.482833
0.477488
0.473899
0.482443
0.477493
0.47435
0.48268
0.477095
0.474349
0.482821
0.478442
0.473884
0.481988
0.477434
0.473826
0.48321
0.478076
0.473908
0.482593
0.477266
0.474546
0.482779
0.476935
0.4741
0.48254
0.477656
0.473736
0.482425
0.477636
0.473659
0.483457
0.477717
0.473484
0.482729
0.477562
0.474155
0.482626
0.476992
0.474525
0.482468
0.477621
0.473709
0.482368
0.477488
0.473907
0.483
0.477652
0.473766
0.482886
0.47754
0.474946
0.482812
0.476969
0.474126
0.482651
0.477397
0.473835
0.482449
0.477527
0.473751
0.483022
0.477728
0.473913
0.482417
0.483702
0.477077
0.4828
0.477142
0.473815
0.482867
0.477768
0.473609
0.48245
0.477519
0.473934
0.483045
0.477593
0.473842
0.482677
0.477415
0.47458
0.482699
0.477222
0.474173
0.482646
0.477453
0.47339
0.482263
0.477435
0.473788
0.483826
0.477685
0.473838
0.482998
0.477446
0.474348
0.482581
0.47714
0.474557
0.484029
0.477859
0.474034
0.482167
0.477567
0.473966
0.482981
0.477241
0.475877
0.482654
0.477081
0.474331
0.482373
0.476991
0.473792
0.482909
0.477593
0.473809
0.482688
0.477602
0.474104
0.482964
0.477594
0.473956
0.482948
0.477576
0.474329
0.482921
0.477234
0.473913
0.482798
0.477879
0.47403
0.482506
0.477517
0.474082
0.483098
0.477344
0.478618
0.483071
0.477426
0.474468
0.482938
0.476956
0.473952
0.483595
0.478089
0.473724
0.482165
0.477354
0.473755
0.482928
0.477392
0.47418
0.483099
0.477403
0.475163
0.484911
0.477107
0.473767
0.48287
0.47785
0.473735
0.482517
0.477599
0.473952
0.482985
0.477715
0.47508
0.482698
0.477441
0.474582
0.482829
0.477206
0.473891
0.482639
0.477692
0.474128
0.482253
0.477572
0.473835
0.48299
0.477418
0.474488
0.482873
0.477146
0.474394
0.482965
0.477312
0.473774
0.482883
0.478092
0.474441
0.482578
0.477595
0.47386
0.483076
0.477309
0.474022
0.482956
0.477647
0.474617
0.482719
0.477043
0.473827
0.482494
0.477617
0.47386
0.482434
0.477349
0.47735
0.486602
0.477501
0.473638
0.482835
0.477134
0.474454
0.482639
0.477002
0.475311
0.482799
0.478019
0.47387
0.482557
0.477296
0.473862
0.483377
0.47745
0.474293
0.482661
0.477188
0.474202
0.482711
0.476932
0.474193
0.482985
0.47768
0.473622
0.482402
0.477324
0.474104
0.483288
0.477379
0.473352
0.485017
0.47763
0.474256
0.482999
0.47699
0.473835
0.482671
0.477993
0.473847
0.482766
0.47754
0.473639
0.483036
0.477363
0.473677
0.483469
0.477453
0.474381
0.482654
0.477067
0.473808
0.482771
0.478565
0.473663
0.482287
0.477363
0.473662
0.48328
0.47755
0.473567
0.483875
0.477483
0.474659
0.482578
0.47721
0.473983
0.482914
0.477975
0.474211
0.49094
0.477965
0.473702
0.483114
0.477919
0.474056
0.48466
0.477343
0.474748
0.48271
0.47692
0.473876
0.482676
0.477658
0.473825
0.482329
0.477559
0.473655
0.483674
0.478089
0.473785
0.482879
0.47725
0.474273
0.482477
0.477063
0.473718
0.482816
0.477773
0.474548
0.482515
0.477543
0.47402
0.483158
0.477342
0.474045
0.483756
0.47727
0.474602
0.482625
0.477073
0.473705
0.482388
0.47737
0.474157
0.482474
0.47746
0.474189
0.483336
0.477648
0.473691
0.483142
0.477714
0.474376
0.482791
0.4773
0.474065
0.482864
0.477804
0.474785
0.482726
0.477641
0.474
0.483166
0.477473
0.473942
0.482842
0.477402
0.474571
0.482889
0.477194
0.47381
0.482547
0.483535
0.475255
0.482688
0.477385
0.473868
0.483152
0.477438
0.473624
0.482864
0.477499
0.474451
0.48277
0.477044
0.47397
0.482783
0.477837
0.474284
0.482525
0.477947
0.474077
0.482919
0.477374
0.474147
0.482829
0.480166
0.474206
0.482835
0.476965
0.473954
0.482901
0.477486
0.474023
0.482341
0.477542
0.473905
0.483099
0.477921
0.473639
0.482786
0.477394
0.47419
0.482775
0.477069
0.474009
0.482879
0.477776
0.473902
0.482356
0.477526
0.474017
0.483144
0.477157
0.473837
0.482353
0.47782
0.47448
0.482518
0.476895
0.473842
0.482887
0.477814
0.473899
0.482563
0.477438
0.473501
0.4833
0.477298
0.474311
0.482721
0.47869
0.474456
0.482756
0.481518
0.476774
0.482771
0.477672
0.473912
0.483636
0.477481
0.474063
0.483256
0.477536
0.474655
0.482544
0.477622
0.474674
0.482745
0.477377
0.473853
0.482658
0.477783
0.474482
0.484284
0.477313
0.473599
0.48315
0.47725
0.474656
0.482692
0.477299
0.47444
0.482447
0.477435
0.474075
0.48297
0.477576
0.474117
0.483306
0.477667
0.468815
0.472361
0.466538
0.464039
0.471951
0.467188
0.463863
0.471956
0.466939
0.463126
0.47193
0.466671
0.463091
0.472799
0.466777
0.463275
0.472323
0.466512
0.464322
0.472172
0.466551
0.46417
0.47204
0.466801
0.462978
0.471742
0.466712
0.463138
0.47234
0.467069
0.463105
0.472511
0.466491
0.46394
0.471987
0.466776
0.466067
0.475979
0.466887
0.463438
0.47185
0.466741
0.463491
0.472673
0.468049
0.463426
0.472409
0.466378
0.463712
0.471952
0.466464
0.463663
0.473232
0.466913
0.462927
0.472175
0.466902
0.463455
0.472427
0.466916
0.466365
0.472294
0.46687
0.463743
0.47173
0.466547
0.463981
0.472032
0.466873
0.463551
0.471962
0.466702
0.462982
0.472748
0.466699
0.463436
0.472363
0.466753
0.463688
0.472156
0.466936
0.463753
0.471671
0.466964
0.463328
0.472109
0.466924
0.463496
0.47272
0.46682
0.463178
0.472349
0.467036
0.463765
0.472228
0.46662
0.46315
0.472246
0.467234
0.463124
0.471847
0.466777
0.46333
0.47281
0.466675
0.463441
0.472315
0.466707
0.463856
0.47212
0.470758
0.466356
0.472243
0.468087
0.463476
0.472119
0.466739
0.463088
0.472575
0.466611
0.463108
0.472312
0.466768
0.463448
0.47198
0.466652
0.463835
0.471741
0.467016
0.463761
0.471771
0.466701
0.463121
0.472503
0.466758
0.463129
0.472361
0.466507
0.463445
0.471918
0.466626
0.463476
0.472327
0.466794
0.46353
0.472292
0.46684
0.463576
0.47214
0.466675
0.463327
0.472582
0.467006
0.463867
0.472026
0.466606
0.46377
0.47199
0.466763
0.4632
0.471934
0.466617
0.463092
0.472692
0.466471
0.462993
0.472677
0.466973
0.463899
0.471887
0.466389
0.464053
0.47177
0.466869
0.463192
0.471603
0.46671
0.463378
0.472513
0.466415
0.463479
0.472245
0.46662
0.463709
0.478639
0.468309
0.463707
0.47185
0.467031
0.46313
0.473836
0.466625
0.463194
0.472565
0.466562
0.462942
0.472072
0.466495
0.4645
0.471905
0.466628
0.463667
0.471797
0.467115
0.463369
0.471737
0.466925
0.463101
0.472496
0.466533
0.462924
0.472498
0.466793
0.464328
0.472332
0.466373
0.463448
0.472039
0.466813
0.463417
0.471893
0.467031
0.463539
0.472635
0.466681
0.46325
0.472049
0.46645
0.463425
0.471921
0.46652
0.46376
0.471779
0.46693
0.463036
0.471711
0.466977
0.463272
0.472295
0.466585
0.463422
0.472516
0.467955
0.463938
0.472022
0.46669
0.463533
0.471995
0.466819
0.463215
0.471981
0.466692
0.463728
0.472795
0.466482
0.463435
0.472635
0.466746
0.471321
0.472295
0.466365
0.463562
0.471798
0.466858
0.463352
0.471824
0.466794
0.463397
0.472562
0.466526
0.463337
0.47218
0.466739
0.464007
0.471801
0.467427
0.464001
0.472076
0.466599
0.463376
0.471581
0.466678
0.463131
0.472659
0.466768
0.463178
0.472161
0.466535
0.463855
0.472153
0.466985
0.463697
0.471695
0.466824
0.463412
0.472583
0.466504
0.463396
0.472938
0.466374
0.463367
0.472435
0.466924
0.463747
0.472107
0.466796
0.463946
0.471706
0.467162
0.463331
0.471833
0.466742
0.463028
0.472698
0.46647
0.462964
0.472397
0.466533
0.463443
0.47215
0.4666
0.46405
0.471743
0.466873
0.463302
0.471742
0.466822
0.463151
0.47516
0.466885
0.463438
0.472742
0.474538
0.463843
0.472109
0.466589
0.463985
0.471726
0.466886
0.463111
0.471825
0.46666
0.463114
0.472673
0.466655
0.463085
0.472238
0.466822
0.463892
0.471813
0.467142
0.464212
0.471918
0.466754
0.463282
0.471806
0.466616
0.463339
0.472423
0.46699
0.463219
0.472389
0.467079
0.463839
0.472118
0.466344
0.463838
0.471944
0.466825
0.463562
0.472038
0.466805
0.46346
0.472524
0.467117
0.463412
0.472362
0.466565
0.463601
0.472243
0.466357
0.46361
0.472038
0.466919
0.462907
0.471895
0.467141
0.463383
0.47255
0.466674
0.464533
0.472469
0.466611
0.464351
0.472045
0.466706
0.463829
0.472325
0.468054
0.463186
0.472087
0.466766
0.463378
0.472511
0.466535
0.463183
0.47867
0.466763
0.463486
0.471653
0.466377
0.463625
0.471671
0.467019
0.46325
0.472008
0.466985
0.463294
0.472591
0.466558
0.463289
0.472907
0.466752
0.463649
0.47238
0.466664
0.463759
0.47285
0.466684
0.463471
0.471444
0.467013
0.463443
0.472775
0.466567
0.463277
0.472512
0.466891
0.463698
0.471999
0.466483
0.46405
0.47194
0.466801
0.463159
0.47169
0.46656
0.463241
0.472908
0.466579
0.463189
0.472362
0.466902
0.463635
0.47214
0.466844
0.463684
0.472078
0.466839
0.464553
0.472179
0.468044
0.463052
0.47241
0.466689
0.462936
0.472878
0.466829
0.463774
0.471935
0.466567
0.464
0.472214
0.466806
0.463235
0.471958
0.466744
0.463165
0.472269
0.468354
0.466308
0.472617
0.466919
0.463454
0.47209
0.466692
0.463799
0.471679
0.466877
0.463256
0.471762
0.466695
0.463364
0.47284
0.466647
0.463909
0.472499
0.466721
0.465639
0.472206
0.466515
0.463871
0.472043
0.466652
0.463405
0.471789
0.466902
0.463296
0.472733
0.466753
0.463369
0.472287
0.467915
0.465117
0.471895
0.466594
0.464047
0.472086
0.466976
0.463192
0.471748
0.467058
0.462955
0.472689
0.466719
0.463152
0.472775
0.466638
0.463584
0.471846
0.46656
0.463844
0.471721
0.46723
0.463314
0.472109
0.4669
0.463184
0.472391
0.466424
0.462959
0.4725
0.466587
0.463743
0.472447
0.466703
0.463775
0.47208
0.466827
0.463132
0.471955
0.466558
0.463233
0.476493
0.470016
0.463341
0.472563
0.466488
0.46517
0.472541
0.466502
0.464015
0.471817
0.46688
0.463051
0.472033
0.466848
0.46321
0.472436
0.466602
0.463092
0.472432
0.467212
0.46395
0.471973
0.466573
0.463536
0.471914
0.466895
0.463445
0.472079
0.46667
0.464645
0.472835
0.466667
0.463516
0.472361
0.466564
0.464049
0.472167
0.467275
0.463868
0.472059
0.466764
0.463451
0.471694
0.466751
0.463172
0.472707
0.461825
0.458099
0.46171
0.455934
0.452952
0.461725
0.457029
0.452979
0.46122
0.456131
0.452697
0.461122
0.457345
0.452888
0.462032
0.455835
0.452456
0.461487
0.456002
0.452807
0.461604
0.45599
0.454101
0.460917
0.455988
0.452569
0.461232
0.456041
0.452671
0.467525
0.456202
0.452495
0.46173
0.455928
0.4529
0.461238
0.455789
0.453276
0.461464
0.456135
0.452481
0.461325
0.455953
0.45299
0.462004
0.456117
0.452575
0.462277
0.455665
0.453217
0.461224
0.455715
0.453799
0.461901
0.456115
0.452712
0.461265
0.456109
0.452638
0.461875
0.455926
0.452693
0.46162
0.455909
0.452911
0.461093
0.455962
0.452862
0.461211
0.456174
0.452709
0.461063
0.456023
0.452509
0.461607
0.456414
0.452611
0.461092
0.455688
0.452612
0.461335
0.455899
0.452892
0.461205
0.455885
0.452596
0.461199
0.456417
0.452705
0.461902
0.455743
0.452322
0.461883
0.455821
0.453024
0.461555
0.455724
0.453337
0.461048
0.456868
0.452609
0.461091
0.456089
0.452512
0.467659
0.45583
0.452448
0.461452
0.455846
0.452921
0.461468
0.455852
0.453157
0.461138
0.456233
0.452196
0.462215
0.456165
0.452687
0.461688
0.455645
0.452686
0.462128
0.455755
0.453912
0.461404
0.455796
0.453042
0.46136
0.45601
0.452524
0.461033
0.455785
0.452639
0.461998
0.455967
0.452603
0.46159
0.455773
0.453248
0.461349
0.455983
0.453188
0.461269
0.456301
0.45243
0.463491
0.45646
0.452567
0.461656
0.455821
0.452684
0.461768
0.456101
0.452909
0.461534
0.456156
0.453022
0.461106
0.45615
0.452637
0.460997
0.455726
0.452736
0.461727
0.455989
0.452407
0.461625
0.455949
0.453096
0.461455
0.456034
0.452844
0.461176
0.45581
0.452535
0.461377
0.456168
0.452577
0.468395
0.455815
0.452372
0.461614
0.455721
0.452971
0.4612
0.456079
0.452891
0.461496
0.456057
0.452758
0.461197
0.456261
0.452787
0.462167
0.455901
0.452582
0.461686
0.455993
0.453162
0.461382
0.458596
0.453886
0.461206
0.455965
0.452373
0.46099
0.45611
0.452393
0.461969
0.456485
0.452251
0.461508
0.456023
0.452986
0.460943
0.456178
0.452762
0.461138
0.455919
0.452796
0.461257
0.456322
0.452589
0.461877
0.456001
0.452344
0.461757
