18370.4
0.684359
0.681274
0.682401
0.673484
0.679979
0.674799
0.671097
0.670809
0.685498
0.675036
0.672349
0.673445
0.676707
0.678148
0.676076
0.679234
0.67604
0.685051
0.680437
0.671332
0.678147
0.69121
0.679216
0.67257
0.670706
0.671325
0.674401
0.676684
0.670651
0.670706
0.677557
0.677225
0.671393
0.684573
0.68916
0.676272
0.682141
0.680747
0.680183
0.675432
0.672369
0.668525
0.672097
0.66959
0.690757
0.693442
0.67412
0.672767
0.679875
0.678719
0.677441
0.677797
0.668967
0.672867
0.675143
0.675537
0.67854
0.669484
0.671833
0.673679
0.67256
0.682003
0.667357
0.676364
0.675389
0.676566
0.671371
0.68112
0.669324
0.676739
0.670529
0.680928
0.675339
0.67768
0.677436
0.673516
0.687579
0.668446
0.679799
0.675097
0.674495
0.671893
0.680659
0.674351
0.680098
0.681912
0.676805
0.674486
0.67265
0.679791
0.674842
0.682308
0.67682
0.684265
0.68843
0.68164
0.676327
0.676473
0.676237
0.676985
0.672694
0.669918
0.67259
0.677728
0.675637
0.679868
0.675004
0.677704
0.677714
0.679814
0.668139
0.675217
0.670382
0.679667
0.681867
0.675242
0.67451
0.675773
0.676095
0.679553
0.682196
0.676839
0.676609
0.675251
0.682598
0.677166
0.679844
0.674568
0.684333
0.675609
0.682998
0.673055
0.672381
0.677324
0.6868
0.673047
0.680504
0.675218
0.673056
0.678508
0.69219
0.678536
0.682544
0.677232
0.667032
0.675742
0.684664
0.671303
0.671504
0.67286
0.678997
0.6781
0.675149
0.682267
0.677947
0.671914
0.67598
0.688185
0.67358
0.67437
0.686527
0.672357
0.684677
0.680418
0.669269
0.671395
0.678261
0.670549
0.677349
0.673212
0.683333
0.669517
0.684136
0.683493
0.676266
0.68198
0.677544
0.669367
0.677116
0.677863
0.679443
0.672295
0.68622
0.671672
0.677176
0.676598
0.67094
0.67356
0.674156
0.686379
0.674696
0.680402
0.673661
0.683236
0.672793
0.66911
0.669416
0.673723
0.66957
0.67492
0.675945
0.67996
0.673867
0.674011
0.67694
0.680754
0.675629
0.68132
0.675702
0.680622
0.684909
0.672667
0.682016
0.673689
0.684529
0.676788
0.685513
0.673807
0.681904
0.668091
0.679578
0.673188
0.674219
0.673462
0.677101
0.677041
0.678692
0.675183
0.682255
0.679852
0.676616
0.678944
0.678207
0.677314
0.6763
0.679174
0.678544
0.685355
0.681768
0.67636
0.681958
0.676888
0.686981
0.694011
0.671402
0.681089
0.674354
0.690318
0.689753
0.673398
0.685696
0.682891
0.674756
0.675236
0.673125
0.677565
0.671395
0.674897
0.671714
0.67477
0.680884
0.681171
0.687225
0.677688
0.682021
0.679847
0.671345
0.684412
0.671534
0.688883
0.676141
0.672398
0.679492
0.672048
0.683421
0.67368
0.675566
0.676038
0.679904
0.6781
0.676803
0.677349
0.678632
0.677701
0.677528
0.693594
0.685318
0.672196
0.680537
0.682806
0.672621
0.673837
0.679055
0.678725
0.680419
0.677441
0.681877
0.670586
0.671676
0.676531
0.688178
0.675062
0.677091
0.677114
0.677735
0.670643
0.673591
0.687407
0.689928
0.681175
0.674865
0.673111
0.680565
0.675136
0.668493
0.685679
0.678057
0.680453
0.674063
0.685885
0.683786
0.679713
0.671224
0.682241
0.674455
0.68047
0.674866
0.681861
0.676152
0.679201
0.67952
0.684187
0.683629
0.679054
0.67685
0.681633
0.682372
0.681876
0.680582
0.682937
0.684147
0.681359
0.676018
0.667713
0.670808
0.67868
0.673366
0.677543
0.671401
0.673442
0.67854
0.67769
0.678402
0.674352
0.67618
0.678309
0.682569
0.67506
0.680898
0.67736
0.682166
0.675027
0.677422
0.684538
0.671491
0.674791
0.674844
0.680845
0.67863
0.677517
0.675838
0.684113
0.671143
0.678655
0.67533
0.676226
0.67461
0.677808
0.675975
0.682498
0.681976
0.677729
0.677335
0.678268
0.673558
0.686597
0.677541
0.688049
0.679148
0.684242
0.672806
0.683954
0.673521
0.68297
0.69167
0.678091
0.680276
0.678347
0.689744
0.669655
0.677198
0.67812
0.676404
0.677794
0.67215
0.680417
0.674087
0.679032
0.675618
0.671226
0.679529
0.674994
0.68013
0.682025
0.674165
0.671784
0.68548
0.691852
0.695685
0.682077
0.670523
0.676804
0.682582
0.675291
0.672779
0.678099
0.673822
0.687087
0.683852
0.684342
0.673187
0.67859
0.685209
0.67231
0.6789
0.684915
0.671993
0.679169
0.686164
0.674803
0.6852
0.670488
0.672063
0.679834
0.677696
0.679149
0.673472
0.681148
0.669555
0.688509
0.68042
0.681264
0.674175
0.674339
0.682048
0.675775
0.678879
0.687165
0.683726
0.676434
0.680577
0.67737
0.680067
0.672299
0.677167
0.672381
0.684333
0.680518
0.678325
0.676046
0.678334
0.677667
0.68313
0.670616
0.674572
0.68314
0.671737
0.671038
0.668883
0.66914
0.667537
0.669999
0.674025
0.667871
0.66519
0.672293
0.667841
0.668509
0.668104
0.67754
0.67322
0.665172
0.665821
0.664155
0.662883
0.684464
0.687423
0.670306
0.664572
0.662959
0.66052
0.687049
0.675607
0.662194
0.658543
0.668797
0.666915
0.663455
0.668598
0.675282
0.667159
0.669748
0.665857
0.667202
0.662378
0.660106
0.667815
0.667433
0.664041
0.657533
0.663073
0.678021
0.677124
0.664883
0.668165
0.666757
0.664841
0.669799
0.672773
0.657678
0.667091
0.66162
0.659052
0.666762
0.661061
0.658222
0.66657
0.661812
0.658055
0.666476
0.66223
0.658016
0.667173
0.661758
0.657601
0.667026
0.661627
0.658403
0.666571
0.661066
0.658207
0.666445
0.662005
0.658415
0.666224
0.661658
0.658413
0.667387
0.66124
0.657792
0.666629
0.661557
0.65862
0.666721
0.661265
0.658425
0.666427
0.66174
0.65792
0.666518
0.661709
0.658073
0.667904
0.663313
0.658077
0.666801
0.661808
0.65823
0.666939
0.661408
0.658073
0.670011
0.661944
0.658376
0.666268
0.661526
0.657905
0.667068
0.66116
0.657886
0.666707
0.66148
0.658417
0.670941
0.665863
0.658458
0.666563
0.661827
0.658182
0.665842
0.661643
0.658241
0.666584
0.662231
0.658041
0.66651
0.661651
0.658465
0.666861
0.661226
0.65867
0.666616
0.663987
0.658098
0.665897
0.661537
0.658064
0.666999
0.662113
0.658048
0.666563
0.661498
0.658632
0.666779
0.661089
0.658355
0.666336
0.661837
0.657877
0.666163
0.661942
0.658179
0.66724
0.661696
0.657641
0.666837
0.661581
0.658284
0.666733
0.66124
0.658785
0.666221
0.661749
0.658054
0.666118
0.661453
0.65828
0.666855
0.661801
0.658127
0.666897
0.66166
0.658983
0.666785
0.661123
0.658477
0.666591
0.661477
0.658244
0.666091
0.661668
0.658099
0.666674
0.661828
0.658992
0.666553
0.667764
0.66143
0.666778
0.661206
0.658138
0.666692
0.662013
0.657902
0.666334
0.661414
0.658173
0.666786
0.661581
0.65788
0.666756
0.661669
0.658746
0.666781
0.661475
0.659381
0.66645
0.66161
0.65763
0.66609
0.661534
0.658143
0.667613
0.661708
0.657974
0.667141
0.661699
0.658426
0.666724
0.661308
0.658824
0.667813
0.662258
0.658402
0.665928
0.661584
0.658356
0.666686
0.66132
0.660231
0.666754
0.661198
0.658466
0.666385
0.661213
0.657996
0.666704
0.661655
0.658147
0.666368
0.661708
0.658759
0.666809
0.661739
0.658231
0.66716
0.6618
0.658499
0.666972
0.661318
0.65828
0.666479
0.662046
0.65822
0.66631
0.661678
0.658164
0.66684
0.661517
0.666458
0.667218
0.661555
0.658708
0.666864
0.661256
0.658369
0.667315
0.662237
0.658115
0.665827
0.661459
0.658025
0.666823
0.661586
0.658325
0.667234
0.661576
0.659423
0.67037
0.661212
0.658043
0.666709
0.66191
0.657877
0.666394
0.66178
0.658153
0.666826
0.661978
0.659562
0.666967
0.661444
0.658562
0.666994
0.661409
0.658006
0.666555
0.6622
0.658398
0.666068
0.661811
0.658003
0.666716
0.661433
0.658593
0.667067
0.661215
0.65836
0.667014
0.661398
0.657847
0.666668
0.662379
0.658632
0.666559
0.661717
0.658107
0.666878
0.661449
0.658224
0.667766
0.661752
0.658798
0.666867
0.661163
0.658168
0.666267
0.661653
0.658028
0.666187
0.661514
0.661532
0.672001
0.66161
0.657839
0.6668
0.661272
0.658639
0.666753
0.66114
0.659442
0.666602
0.662225
0.658086
0.66624
0.661287
0.658101
0.667224
0.661428
0.658219
0.667426
0.66129
0.658433
0.666803
0.661102
0.658586
0.666805
0.661847
0.657802
0.666121
0.661452
0.658273
0.666978
0.661395
0.657574
0.669084
0.661699
0.658396
0.66729
0.661188
0.658149
0.66648
0.662059
0.658014
0.666387
0.661628
0.657843
0.666798
0.661414
0.657805
0.667454
0.661625
0.658471
0.666705
0.661129
0.658218
0.666552
0.662881
0.657847
0.666004
0.661453
0.657895
0.667091
0.661477
0.657676
0.667896
0.661535
0.658635
0.666653
0.661266
0.658376
0.666756
0.662255
0.6586
0.674674
0.662449
0.658234
0.666858
0.661999
0.658073
0.668681
0.66149
0.658843
0.666812
0.660918
0.658088
0.666381
0.661619
0.65834
0.666095
0.661492
0.657949
0.667499
0.662996
0.657893
0.666991
0.661412
0.658474
0.666524
0.66106
0.657991
0.666536
0.661909
0.658816
0.666406
0.661607
0.658379
0.666929
0.661314
0.658264
0.667893
0.661489
0.658685
0.666557
0.661156
0.658101
0.666161
0.661441
0.658463
0.666211
0.661603
0.658497
0.667176
0.661691
0.657692
0.667214
0.662069
0.658552
0.666868
0.661676
0.658302
0.666517
0.661879
0.658962
0.667613
0.661692
0.658263
0.666987
0.661572
0.658001
0.666919
0.661707
0.658614
0.666926
0.661348
0.658031
0.666368
0.671118
0.659457
0.66648
0.661589
0.658151
0.666946
0.661488
0.657775
0.666822
0.661756
0.658619
0.66691
0.661195
0.658244
0.666638
0.662117
0.658542
0.666281
0.66287
0.658661
0.66671
0.661528
0.658176
0.666851
0.664328
0.658291
0.666741
0.661114
0.658131
0.666612
0.661649
0.658123
0.666042
0.661654
0.658182
0.666912
0.66193
0.657806
0.666836
0.661667
0.658244
0.66674
0.661251
0.658215
0.666771
0.662007
0.658017
0.666412
0.661465
0.658195
0.666935
0.661214
0.658212
0.666335
0.661888
0.65858
0.66656
0.660975
0.658149
0.666685
0.661947
0.658095
0.666343
0.66147
0.657691
0.667203
0.66134
0.658527
0.666786
0.66284
0.658585
0.666784
0.665578
0.662513
0.66667
0.66193
0.658288
0.667419
0.661486
0.658243
0.666807
0.661612
0.658878
0.666724
0.661778
0.658928
0.666953
0.661471
0.658002
0.666387
0.662004
0.659648
0.668027
0.661198
0.657794
0.666979
0.661378
0.65876
0.666791
0.661468
0.658702
0.666643
0.661655
0.658319
0.666705
0.661694
0.658283
0.667161
0.66172
0.653382
0.656212
0.650658
0.648299
0.655947
0.651439
0.648161
0.656051
0.65108
0.647266
0.655652
0.650852
0.647534
0.65659
0.650726
0.647388
0.656143
0.650523
0.648459
0.656425
0.650698
0.648361
0.656196
0.650906
0.64731
0.655516
0.650931
0.647424
0.656272
0.65114
0.64744
0.656247
0.650685
0.648152
0.656129
0.650929
0.650159
0.662507
0.651015
0.647699
0.655518
0.650904
0.647688
0.656573
0.652109
0.647666
0.656278
0.650498
0.647902
0.655918
0.650623
0.647827
0.657476
0.651058
0.647123
0.655971
0.651757
0.647693
0.65628
0.650941
0.651261
0.656216
0.651004
0.648004
0.655878
0.65082
0.648102
0.656144
0.650861
0.647821
0.655752
0.650924
0.64721
0.656605
0.651097
0.64773
0.656066
0.650911
0.647778
0.656159
0.651011
0.647881
0.655547
0.651217
0.647591
0.655852
0.651008
0.647678
0.656614
0.650864
0.647475
0.656278
0.651217
0.648074
0.656172
0.650624
0.64735
0.656265
0.651996
0.647326
0.655581
0.650895
0.647538
0.656578
0.650802
0.647648
0.656183
0.650757
0.648048
0.656113
0.654971
0.652046
0.656406
0.652247
0.647823
0.655936
0.650849
0.647342
0.656266
0.650653
0.647352
0.6561
0.650749
0.647588
0.65593
0.650883
0.648092
0.655777
0.651083
0.649271
0.656083
0.650942
0.647312
0.656206
0.650759
0.647457
0.656114
0.650603
0.647567
0.655948
0.650704
0.647476
0.656483
0.650892
0.648753
0.655984
0.650985
0.647962
0.656173
0.65068
0.647613
0.656343
0.651168
0.6482
0.656167
0.650822
0.647985
0.656085
0.650908
0.647515
0.655741
0.650721
0.647265
0.656441
0.650511
0.647215
0.656369
0.651146
0.647956
0.656009
0.650412
0.648082
0.655804
0.65102
0.647413
0.655406
0.650975
0.647643
0.656383
0.650371
0.647694
0.656125
0.650816
0.648222
0.662761
0.652813
0.64791
0.656003
0.651164
0.647342
0.658402
0.65094
0.647458
0.65634
0.650654
0.647145
0.656042
0.650562
0.648669
0.655895
0.650719
0.647805
0.655855
0.652558
0.647546
0.655353
0.651218
0.647246
0.656297
0.65058
0.647257
0.656228
0.650912
0.648654
0.656301
0.650616
0.64769
0.656175
0.650887
0.647751
0.655786
0.651208
0.647799
0.656528
0.650787
0.647469
0.655927
0.650624
0.647707
0.65609
0.650673
0.647958
0.655884
0.651079
0.647269
0.655489
0.651396
0.647452
0.656127
0.650648
0.647959
0.656267
0.651982
0.648422
0.656173
0.650836
0.647547
0.655953
0.6509
0.647527
0.655815
0.650752
0.648016
0.656592
0.650494
0.647648
0.656348
0.650836
0.655565
0.656812
0.65043
0.647731
0.655846
0.650888
0.647541
0.655654
0.650966
0.647833
0.656318
0.650428
0.647502
0.655909
0.650635
0.648206
0.655753
0.651565
0.648186
0.657057
0.650784
0.64767
0.655345
0.650897
0.647673
0.65668
0.650944
0.64735
0.655852
0.650614
0.647918
0.656258
0.650985
0.647693
0.655595
0.650984
0.64769
0.656403
0.650886
0.647588
0.656784
0.650535
0.647682
0.65623
0.651001
0.647986
0.656296
0.651172
0.648314
0.655758
0.651213
0.647555
0.655608
0.650942
0.647488
0.656539
0.650541
0.647027
0.656146
0.650522
0.647642
0.656179
0.650837
0.648169
0.655807
0.650893
0.647617
0.655623
0.650972
0.64732
0.658867
0.650976
0.647641
0.656566
0.658683
0.648345
0.656168
0.650673
0.64818
0.655861
0.650999
0.64734
0.655775
0.65085
0.647431
0.656305
0.650659
0.647556
0.655908
0.650878
0.648146
0.655834
0.65121
0.649171
0.655946
0.650841
0.647541
0.655645
0.650892
0.647682
0.656204
0.651134
0.647463
0.656175
0.651112
0.648105
0.656256
0.650524
0.648026
0.655874
0.651055
0.647964
0.655988
0.651039
0.64767
0.656311
0.651194
0.647681
0.656092
0.650672
0.647749
0.656468
0.650468
0.647803
0.656157
0.651247
0.647079
0.655555
0.651345
0.6475
0.656343
0.650844
0.64889
0.656223
0.65068
0.64858
0.656052
0.65076
0.647967
0.656339
0.652235
0.647432
0.655913
0.650911
0.647562
0.65656
0.650562
0.647398
0.665984
0.650937
0.647637
0.655663
0.650471
0.647702
0.655651
0.651107
0.647607
0.655838
0.651052
0.647579
0.656414
0.650646
0.647515
0.656685
0.650732
0.647912
0.656407
0.651354
0.647964
0.65694
0.651792
0.648084
0.655254
0.651151
0.647681
0.656516
0.650695
0.647501
0.656243
0.651072
0.647881
0.655955
0.650694
0.648059
0.655866
0.651185
0.647521
0.655371
0.650842
0.647409
0.656673
0.65055
0.64752
0.656172
0.651094
0.647874
0.656094
0.651027
0.64777
0.656109
0.650964
0.648776
0.655994
0.652168
0.647432
0.656124
0.650695
0.647125
0.656568
0.651523
0.647926
0.656038
0.65072
0.648069
0.656242
0.650965
0.647497
0.656046
0.650942
0.647385
0.65593
0.652317
0.653722
0.656404
0.65103
0.647608
0.656081
0.650969
0.648053
0.655745
0.650945
0.647489
0.655674
0.650932
0.647587
0.656659
0.650542
0.648113
0.656371
0.650831
0.649784
0.657068
0.65062
0.648051
0.6561
0.650661
0.64766
0.655547
0.651055
0.647657
0.656593
0.650945
0.647593
0.655998
0.652136
0.649307
0.655902
0.650814
0.648078
0.656312
0.650915
0.647345
0.655553
0.651212
0.647238
0.656505
0.650702
0.647478
0.656518
0.650665
0.647659
0.656245
0.650747
0.647951
0.655555
0.651301
0.647545
0.656043
0.651261
0.647329
0.656168
0.650526
0.64727
0.656272
0.650919
0.647905
0.65651
0.650891
0.6479
0.656195
0.650994
0.647318
0.655771
0.650702
0.647592
0.660179
0.655203
0.647598
0.656344
0.650577
0.649361
0.656584
0.650652
0.648164
0.656041
0.650974
0.64722
0.655891
0.650947
0.647377
0.656193
0.65071
0.647417
0.656237
0.652215
0.648338
0.655961
0.650814
0.647725
0.655959
0.650917
0.647533
0.655901
0.650841
0.64885
0.656701
0.65076
0.647778
0.656108
0.650656
0.648242
0.656178
0.651498
0.648181
0.656096
0.65084
0.64768
0.655413
0.650858
0.64732
0.656751
0.645841
0.6422
0.645504
0.640128
0.637179
0.645873
0.641597
0.637329
0.64517
0.640259
0.636842
0.645063
0.641736
0.637053
0.645829
0.639988
0.636754
0.645224
0.6402
0.63721
0.645598
0.640141
0.638301
0.644986
0.640132
0.636771
0.644898
0.640239
0.636902
0.654683
0.640438
0.636746
0.645396
0.639933
0.637122
0.645344
0.639876
0.63744
0.645495
0.640438
0.636776
0.645183
0.640128
0.637293
0.645802
0.640116
0.637124
0.646114
0.640178
0.637282
0.645362
0.63986
0.637976
0.646048
0.640185
0.636886
0.645122
0.640296
0.636807
0.645607
0.639941
0.636945
0.645463
0.639942
0.637192
0.645155
0.640084
0.637092
0.645238
0.640298
0.637043
0.644944
0.640183
0.636718
0.645404
0.640483
0.636721
0.644919
0.639849
0.636812
0.645323
0.640217
0.637029
0.645305
0.639922
0.636719
0.64506
0.640583
0.637053
0.645551
0.639744
0.636556
0.645778
0.640051
0.637247
0.645718
0.639695
0.637475
0.645006
0.641081
0.636909
0.644838
0.640317
0.636663
0.654407
0.64031
0.636783
0.645293
0.639908
0.63708
0.645632
0.639876
0.637365
0.645155
0.640384
0.636415
0.646087
0.64029
0.636968
0.645463
0.639643
0.636805
0.645864
0.64031
0.638036
0.645565
0.639994
0.637113
0.64542
0.640274
0.636676
0.644677
0.640257
0.636877
0.645624
0.639994
0.636927
0.645381
0.640023
0.637391
0.645378
0.639941
0.637339
0.645381
0.640467
0.636559
0.647312
0.640619
0.636826
0.64541
0.639744
0.636885
0.645496
0.640173
0.637065
0.645652
0.640175
0.637129
0.645239
0.640165
0.63683
0.644866
0.640008
0.636812
0.645348
0.640151
0.636649
0.645372
0.639959
0.637295
0.645638
0.640147
0.637075
0.645126
0.639933
0.636699
0.645281
0.64041
0.63695
0.655076
0.640179
0.6368
0.645207
0.639845
0.63714
0.645338
0.640172
0.637118
0.645419
0.640116
0.636888
0.645114
0.640365
0.637205
0.645888
0.639877
0.636607
0.645544
0.640923
0.637216
0.645435
0.643212
0.638076
0.645147
0.640095
0.636583
0.644811
0.640337
0.636615
0.645731
0.640772
0.636608
0.645299
0.6402
0.63718
0.645066
0.640344
0.63702
0.645459
0.640083
0.637027
0.644987
0.640532
0.636873
0.645672
0.640076
0.636554
0.645631
